#  Average SPCF and STD (dimensionless) for the special pairs associated to the "reactive" species
#  Time (ps)      SPCF          STD
     0.000        1.000        0.000
     0.010        0.816        0.163
     0.020        0.671        0.251
     0.030        0.474        0.234
     0.040        0.368        0.210
     0.050        0.355        0.240
     0.060        0.395        0.268
     0.070        0.434        0.310
     0.080        0.355        0.337
     0.090        0.408        0.279
     0.100        0.447        0.258
     0.110        0.355        0.209
     0.120        0.447        0.229
     0.130        0.408        0.224
     0.140        0.355        0.254
     0.150        0.342        0.224
     0.160        0.329        0.119
     0.170        0.342        0.171
     0.180        0.368        0.174
     0.190        0.382        0.268
     0.200        0.395        0.240
     0.210        0.408        0.279
     0.220        0.368        0.293
     0.230        0.329        0.323
     0.240        0.276        0.275
     0.250        0.355        0.315
     0.260        0.355        0.225
     0.270        0.408        0.239
     0.280        0.395        0.292
     0.290        0.368        0.255
     0.300        0.434        0.261
     0.310        0.474        0.287
     0.320        0.434        0.299
     0.330        0.382        0.255
     0.340        0.395        0.192
     0.350        0.408        0.224
     0.360        0.421        0.251
     0.370        0.368        0.226
     0.380        0.342        0.239
     0.390        0.355        0.254
     0.400        0.395        0.280
     0.410        0.329        0.277
     0.420        0.355        0.268
     0.430        0.382        0.293
     0.440        0.355        0.225
     0.450        0.355        0.192
     0.460        0.329        0.187
     0.470        0.329        0.221
     0.480        0.303        0.214
     0.490        0.316        0.233
     0.500        0.289        0.209
     0.510        0.263        0.176
     0.520        0.303        0.197
     0.530        0.250        0.186
     0.540        0.276        0.164
     0.550        0.276        0.142
     0.560        0.276        0.184
     0.570        0.289        0.191
     0.580        0.224        0.184
     0.590        0.250        0.144
     0.600        0.303        0.178
     0.610        0.276        0.219
     0.620        0.342        0.224
     0.630        0.316        0.201
     0.640        0.316        0.201
     0.650        0.276        0.164
     0.660        0.303        0.158
     0.670        0.263        0.212
     0.680        0.263        0.176
     0.690        0.237        0.195
     0.700        0.250        0.204
     0.710        0.276        0.202
     0.720        0.276        0.219
     0.730        0.329        0.168
     0.740        0.303        0.158
     0.750        0.303        0.214
     0.760        0.289        0.254
     0.770        0.289        0.254
     0.780        0.263        0.256
     0.790        0.263        0.243
     0.800        0.263        0.243
     0.810        0.342        0.266
     0.820        0.382        0.174
     0.830        0.303        0.178
     0.840        0.303        0.214
     0.850        0.316        0.233
     0.860        0.342        0.266
     0.870        0.355        0.254
     0.880        0.395        0.268
     0.890        0.355        0.254
     0.900        0.342        0.224
     0.910        0.289        0.209
     0.920        0.316        0.218
     0.930        0.316        0.183
     0.940        0.289        0.172
     0.950        0.289        0.225
     0.960        0.303        0.229
     0.970        0.316        0.233
     0.980        0.316        0.233
     0.990        0.342        0.239
     1.000        0.289        0.267
     1.010        0.355        0.280
     1.020        0.316        0.248
     1.030        0.289        0.267
     1.040        0.263        0.228
     1.050        0.224        0.202
     1.060        0.184        0.201
     1.070        0.184        0.218
     1.080        0.197        0.271
     1.090        0.263        0.282
     1.100        0.289        0.280
     1.110        0.303        0.271
     1.120        0.276        0.262
     1.130        0.276        0.219
     1.140        0.224        0.164
     1.150        0.197        0.158
     1.160        0.237        0.176
     1.170        0.224        0.164
     1.180        0.250        0.204
     1.190        0.250        0.167
     1.200        0.224        0.184
     1.210        0.197        0.214
     1.220        0.237        0.243
     1.230        0.276        0.249
     1.240        0.224        0.202
     1.250        0.211        0.191
     1.260        0.171        0.146
     1.270        0.197        0.158
     1.280        0.197        0.197
     1.290        0.197        0.178
     1.300        0.224        0.202
     1.310        0.263        0.256
     1.320        0.237        0.228
     1.330        0.237        0.270
     1.340        0.211        0.225
     1.350        0.250        0.276
     1.360        0.224        0.202
     1.370        0.276        0.234
     1.380        0.276        0.262
     1.390        0.289        0.303
     1.400        0.263        0.294
     1.410        0.237        0.270
     1.420        0.224        0.184
     1.430        0.250        0.204
     1.440        0.237        0.176
     1.450        0.263        0.212
     1.460        0.211        0.209
     1.470        0.211        0.172
     1.480        0.237        0.176
     1.490        0.197        0.178
     1.500        0.171        0.187
     1.510        0.224        0.184
     1.520        0.237        0.212
     1.530        0.224        0.202
     1.540        0.211        0.191
     1.550        0.184        0.183
     1.560        0.197        0.214
     1.570        0.224        0.234
     1.580        0.211        0.191
     1.590        0.184        0.201
     1.600        0.158        0.190
     1.610        0.145        0.192
     1.620        0.184        0.218
     1.630        0.197        0.178
     1.640        0.211        0.191
     1.650        0.197        0.197
     1.660        0.118        0.174
     1.670        0.092        0.149
     1.680        0.132        0.153
     1.690        0.105        0.127
     1.700        0.211        0.240
     1.710        0.289        0.254
     1.720        0.276        0.234
     1.730        0.224        0.164
     1.740        0.197        0.178
     1.750        0.184        0.183
     1.760        0.145        0.173
     1.770        0.171        0.187
     1.780        0.237        0.228
     1.790        0.224        0.164
     1.800        0.289        0.240
     1.810        0.303        0.244
     1.820        0.250        0.204
     1.830        0.211        0.225
     1.840        0.224        0.219
     1.850        0.197        0.158
     1.860        0.250        0.204
     1.870        0.316        0.218
     1.880        0.276        0.219
     1.890        0.303        0.258
     1.900        0.316        0.218
     1.910        0.289        0.209
     1.920        0.197        0.158
     1.930        0.171        0.168
     1.940        0.224        0.184
     1.950        0.224        0.142
     1.960        0.237        0.195
     1.970        0.224        0.184
     1.980        0.250        0.186
     1.990        0.263        0.155
     2.000        0.276        0.142
     2.010        0.237        0.176
     2.020        0.211        0.172
     2.030        0.197        0.178
     2.040        0.197        0.197
     2.050        0.237        0.176
     2.060        0.250        0.250
     2.070        0.276        0.262
     2.080        0.263        0.228
     2.090        0.224        0.142
     2.100        0.237        0.155
     2.110        0.224        0.184
     2.120        0.276        0.164
     2.130        0.276        0.202
     2.140        0.276        0.202
     2.150        0.289        0.191
     2.160        0.303        0.214
     2.170        0.250        0.204
     2.180        0.211        0.191
     2.190        0.250        0.220
     2.200        0.276        0.234
     2.210        0.303        0.229
     2.220        0.237        0.212
     2.230        0.197        0.214
     2.240        0.158        0.224
     2.250        0.171        0.205
     2.260        0.184        0.248
     2.270        0.197        0.244
     2.280        0.224        0.262
     2.290        0.263        0.243
     2.300        0.263        0.212
     2.310        0.211        0.209
     2.320        0.211        0.209
     2.330        0.197        0.214
     2.340        0.237        0.195
     2.350        0.250        0.204
     2.360        0.211        0.172
     2.370        0.197        0.158
     2.380        0.250        0.204
     2.390        0.211        0.225
     2.400        0.211        0.209
     2.410        0.211        0.172
     2.420        0.211        0.172
     2.430        0.211        0.151
     2.440        0.171        0.168
     2.450        0.158        0.149
     2.460        0.171        0.146
     2.470        0.171        0.187
     2.480        0.184        0.233
     2.490        0.211        0.254
     2.500        0.237        0.270
     2.510        0.250        0.264
     2.520        0.184        0.218
     2.530        0.197        0.244
     2.540        0.158        0.171
     2.550        0.092        0.124
     2.560        0.118        0.128
     2.570        0.145        0.152
     2.580        0.145        0.209
     2.590        0.197        0.178
     2.600        0.224        0.219
     2.610        0.211        0.209
     2.620        0.276        0.275
     2.630        0.263        0.294
     2.640        0.250        0.289
     2.650        0.224        0.275
     2.660        0.224        0.219
     2.670        0.237        0.228
     2.680        0.224        0.219
     2.690        0.276        0.287
     2.700        0.276        0.249
     2.710        0.303        0.271
     2.720        0.276        0.287
     2.730        0.263        0.212
     2.740        0.276        0.234
     2.750        0.237        0.195
     2.760        0.237        0.212
     2.770        0.211        0.225
     2.780        0.237        0.212
     2.790        0.250        0.220
     2.800        0.276        0.249
     2.810        0.263        0.256
     2.820        0.224        0.234
     2.830        0.224        0.219
     2.840        0.171        0.205
     2.850        0.224        0.202
     2.860        0.237        0.212
     2.870        0.197        0.229
     2.880        0.211        0.225
     2.890        0.211        0.225
     2.900        0.211        0.191
     2.910        0.250        0.236
     2.920        0.224        0.184
     2.930        0.145        0.152
     2.940        0.132        0.153
     2.950        0.171        0.187
     2.960        0.224        0.202
     2.970        0.197        0.178
     2.980        0.184        0.163
     2.990        0.197        0.178
     3.000        0.197        0.178
     3.010        0.158        0.171
     3.020        0.171        0.221
     3.030        0.184        0.248
     3.040        0.171        0.205
     3.050        0.197        0.214
     3.060        0.158        0.171
     3.070        0.145        0.192
     3.080        0.158        0.190
     3.090        0.171        0.187
     3.100        0.171        0.187
     3.110        0.145        0.209
     3.120        0.132        0.174
     3.130        0.184        0.163
     3.140        0.171        0.168
     3.150        0.158        0.124
     3.160        0.171        0.146
     3.170        0.118        0.128
     3.180        0.171        0.146
     3.190        0.171        0.146
     3.200        0.171        0.119
     3.210        0.197        0.178
     3.220        0.211        0.191
     3.230        0.171        0.168
     3.240        0.184        0.163
     3.250        0.171        0.168
     3.260        0.197        0.178
     3.270        0.184        0.183
     3.280        0.197        0.229
     3.290        0.197        0.229
     3.300        0.237        0.228
     3.310        0.224        0.164
     3.320        0.224        0.142
     3.330        0.250        0.144
     3.340        0.224        0.164
     3.350        0.211        0.151
     3.360        0.197        0.158
     3.370        0.224        0.184
     3.380        0.224        0.202
     3.390        0.224        0.202
     3.400        0.158        0.190
     3.410        0.211        0.209
     3.420        0.237        0.212
     3.430        0.184        0.183
     3.440        0.158        0.149
     3.450        0.184        0.183
     3.460        0.197        0.229
     3.470        0.184        0.218
     3.480        0.184        0.233
     3.490        0.184        0.248
     3.500        0.197        0.229
     3.510        0.211        0.209
     3.520        0.224        0.219
     3.530        0.197        0.178
     3.540        0.197        0.197
     3.550        0.145        0.152
     3.560        0.158        0.171
     3.570        0.158        0.149
     3.580        0.158        0.149
     3.590        0.197        0.158
     3.600        0.211        0.172
     3.610        0.224        0.184
     3.620        0.211        0.172
     3.630        0.197        0.197
     3.640        0.132        0.128
     3.650        0.118        0.153
     3.660        0.132        0.174
     3.670        0.158        0.171
     3.680        0.132        0.153
     3.690        0.158        0.124
     3.700        0.171        0.146
     3.710        0.197        0.158
     3.720        0.197        0.158
     3.730        0.184        0.163
     3.740        0.145        0.173
     3.750        0.118        0.174
     3.760        0.118        0.174
     3.770        0.158        0.149
     3.780        0.171        0.168
     3.790        0.197        0.158
     3.800        0.197        0.178
     3.810        0.224        0.202
     3.820        0.171        0.187
     3.830        0.158        0.190
     3.840        0.118        0.174
     3.850        0.118        0.174
     3.860        0.118        0.153
     3.870        0.092        0.149
     3.880        0.105        0.152
     3.890        0.079        0.119
     3.900        0.079        0.119
     3.910        0.092        0.124
     3.920        0.105        0.127
     3.930        0.118        0.153
     3.940        0.132        0.128
     3.950        0.171        0.119
     3.960        0.158        0.149
     3.970        0.171        0.187
     3.980        0.197        0.178
     3.990        0.132        0.174
     4.000        0.145        0.173
     4.010        0.132        0.153
     4.020        0.158        0.171
     4.030        0.118        0.153
     4.040        0.158        0.190
     4.050        0.171        0.168
     4.060        0.171        0.187
     4.070        0.171        0.168
     4.080        0.105        0.173
     4.090        0.066        0.163
     4.100        0.079        0.146
     4.110        0.092        0.149
     4.120        0.105        0.152
     4.130        0.079        0.119
     4.140        0.092        0.149
     4.150        0.105        0.152
     4.160        0.092        0.149
     4.170        0.105        0.127
     4.180        0.092        0.124
     4.190        0.158        0.124
     4.200        0.118        0.128
     4.210        0.145        0.152
     4.220        0.158        0.149
     4.230        0.132        0.153
     4.240        0.105        0.152
     4.250        0.092        0.224
     4.260        0.066        0.163
     4.270        0.079        0.168
     4.280        0.066        0.113
     4.290        0.158        0.190
     4.300        0.158        0.149
     4.310        0.145        0.152
     4.320        0.145        0.209
     4.330        0.079        0.146
     4.340        0.105        0.152
     4.350        0.092        0.149
     4.360        0.132        0.193
     4.370        0.118        0.153
     4.380        0.132        0.153
     4.390        0.171        0.146
     4.400        0.145        0.152
     4.410        0.105        0.127
     4.420        0.158        0.171
     4.430        0.171        0.168
     4.440        0.184        0.163
     4.450        0.197        0.158
     4.460        0.224        0.184
     4.470        0.184        0.218
     4.480        0.145        0.192
     4.490        0.118        0.174
     4.500        0.184        0.201
     4.510        0.171        0.205
     4.520        0.145        0.192
     4.530        0.145        0.192
     4.540        0.145        0.209
     4.550        0.158        0.208
     4.560        0.158        0.208
     4.570        0.184        0.218
     4.580        0.145        0.152
     4.590        0.171        0.168
     4.600        0.145        0.152
     4.610        0.132        0.128
     4.620        0.184        0.163
     4.630        0.118        0.174
     4.640        0.118        0.174
     4.650        0.158        0.171
     4.660        0.171        0.168
     4.670        0.197        0.158
     4.680        0.197        0.158
     4.690        0.171        0.168
     4.700        0.171        0.205
     4.710        0.171        0.187
     4.720        0.184        0.183
     4.730        0.158        0.149
     4.740        0.132        0.193
     4.750        0.132        0.153
     4.760        0.184        0.140
     4.770        0.171        0.187
     4.780        0.171        0.187
     4.790        0.118        0.174
     4.800        0.132        0.174
     4.810        0.118        0.174
     4.820        0.105        0.192
     4.830        0.132        0.174
     4.840        0.145        0.209
     4.850        0.132        0.193
     4.860        0.118        0.193
     4.870        0.105        0.192
     4.880        0.118        0.193
     4.890        0.092        0.149
     4.900        0.092        0.149
     4.910        0.105        0.127
     4.920        0.132        0.153
     4.930        0.118        0.153
     4.940        0.092        0.149
     4.950        0.092        0.124
     4.960        0.079        0.119
     4.970        0.092        0.124
     4.980        0.092        0.124
     4.990        0.066        0.113
     5.000        0.079        0.119
     5.010        0.092        0.149
     5.020        0.066        0.113
     5.030        0.105        0.173
     5.040        0.105        0.173
     5.050        0.132        0.174
     5.060        0.158        0.171
     5.070        0.105        0.152
     5.080        0.118        0.153
     5.090        0.092        0.124
     5.100        0.092        0.149
     5.110        0.092        0.149
     5.120        0.118        0.153
     5.130        0.118        0.153
     5.140        0.118        0.128
     5.150        0.118        0.128
     5.160        0.132        0.153
     5.170        0.105        0.152
     5.180        0.079        0.146
     5.190        0.079        0.119
     5.200        0.053        0.105
     5.210        0.066        0.113
     5.220        0.092        0.124
     5.230        0.066        0.113
     5.240        0.105        0.152
     5.250        0.105        0.127
     5.260        0.066        0.113
     5.270        0.053        0.105
     5.280        0.066        0.113
     5.290        0.053        0.105
     5.300        0.079        0.119
     5.310        0.092        0.124
     5.320        0.066        0.113
     5.330        0.105        0.127
     5.340        0.132        0.153
     5.350        0.171        0.221
     5.360        0.145        0.225
     5.370        0.132        0.210
     5.380        0.092        0.149
     5.390        0.105        0.127
     5.400        0.132        0.153
     5.410        0.158        0.171
     5.420        0.145        0.152
     5.430        0.132        0.153
     5.440        0.118        0.153
     5.450        0.066        0.113
     5.460        0.079        0.119
     5.470        0.092        0.124
     5.480        0.092        0.124
     5.490        0.053        0.105
     5.500        0.066        0.140
     5.510        0.039        0.094
     5.520        0.066        0.140
     5.530        0.092        0.171
     5.540        0.092        0.171
     5.550        0.066        0.140
     5.560        0.066        0.113
     5.570        0.066        0.113
     5.580        0.092        0.124
     5.590        0.105        0.152
     5.600        0.118        0.153
     5.610        0.105        0.173
     5.620        0.105        0.152
     5.630        0.132        0.128
     5.640        0.092        0.149
     5.650        0.105        0.152
     5.660        0.105        0.152
     5.670        0.118        0.153
     5.680        0.145        0.173
     5.690        0.171        0.205
     5.700        0.197        0.214
     5.710        0.171        0.168
     5.720        0.118        0.153
     5.730        0.092        0.149
     5.740        0.118        0.153
     5.750        0.092        0.149
     5.760        0.105        0.127
     5.770        0.118        0.153
     5.780        0.092        0.149
     5.790        0.092        0.149
     5.800        0.079        0.119
     5.810        0.118        0.128
     5.820        0.092        0.124
     5.830        0.092        0.124
     5.840        0.066        0.113
     5.850        0.079        0.146
     5.860        0.118        0.128
     5.870        0.118        0.128
     5.880        0.105        0.127
     5.890        0.118        0.153
     5.900        0.145        0.173
     5.910        0.145        0.173
     5.920        0.105        0.127
     5.930        0.105        0.192
     5.940        0.105        0.209
     5.950        0.118        0.210
     5.960        0.105        0.173
     5.970        0.118        0.153
     5.980        0.105        0.152
     5.990        0.118        0.153
     6.000        0.079        0.119
     6.010        0.079        0.119
     6.020        0.079        0.119
     6.030        0.105        0.127
     6.040        0.105        0.127
     6.050        0.118        0.153
     6.060        0.132        0.174
     6.070        0.145        0.152
     6.080        0.132        0.193
     6.090        0.105        0.152
     6.100        0.079        0.146
     6.110        0.066        0.113
     6.120        0.066        0.113
     6.130        0.079        0.146
     6.140        0.092        0.149
     6.150        0.092        0.124
     6.160        0.092        0.124
     6.170        0.132        0.153
     6.180        0.118        0.153
     6.190        0.132        0.153
     6.200        0.158        0.171
     6.210        0.105        0.152
     6.220        0.092        0.149
     6.230        0.092        0.171
     6.240        0.079        0.168
     6.250        0.092        0.171
     6.260        0.145        0.173
     6.270        0.145        0.152
     6.280        0.171        0.168
     6.290        0.118        0.193
     6.300        0.145        0.209
     6.310        0.184        0.233
     6.320        0.224        0.234
     6.330        0.211        0.191
     6.340        0.158        0.149
     6.350        0.132        0.153
     6.360        0.132        0.174
     6.370        0.132        0.193
     6.380        0.105        0.173
     6.390        0.158        0.224
     6.400        0.184        0.201
     6.410        0.171        0.168
     6.420        0.132        0.153
     6.430        0.092        0.124
     6.440        0.066        0.140
     6.450        0.079        0.146
     6.460        0.092        0.171
     6.470        0.132        0.174
     6.480        0.132        0.153
     6.490        0.105        0.152
     6.500        0.118        0.174
     6.510        0.158        0.190
     6.520        0.171        0.187
     6.530        0.171        0.168
     6.540        0.158        0.171
     6.550        0.105        0.152
     6.560        0.092        0.149
     6.570        0.118        0.174
     6.580        0.105        0.173
     6.590        0.105        0.192
     6.600        0.105        0.192
     6.610        0.145        0.192
     6.620        0.197        0.214
     6.630        0.211        0.209
     6.640        0.158        0.171
     6.650        0.158        0.171
     6.660        0.145        0.152
     6.670        0.145        0.152
     6.680        0.158        0.149
     6.690        0.132        0.128
     6.700        0.105        0.152
     6.710        0.118        0.174
     6.720        0.118        0.210
     6.730        0.158        0.208
     6.740        0.158        0.224
     6.750        0.171        0.205
     6.760        0.158        0.208
     6.770        0.118        0.193
     6.780        0.092        0.149
     6.790        0.092        0.190
     6.800        0.079        0.187
     6.810        0.079        0.187
     6.820        0.118        0.174
     6.830        0.105        0.173
     6.840        0.105        0.192
     6.850        0.105        0.152
     6.860        0.039        0.125
     6.870        0.026        0.115
     6.880        0.053        0.134
     6.890        0.053        0.134
     6.900        0.079        0.146
     6.910        0.079        0.146
     6.920        0.145        0.152
     6.930        0.132        0.153
     6.940        0.105        0.127
     6.950        0.105        0.127
     6.960        0.079        0.119
     6.970        0.066        0.113
     6.980        0.105        0.152
     6.990        0.105        0.152
     7.000        0.105        0.127
     7.010        0.105        0.152
     7.020        0.092        0.149
     7.030        0.105        0.127
     7.040        0.092        0.124
     7.050        0.118        0.153
     7.060        0.145        0.192
     7.070        0.145        0.192
     7.080        0.158        0.190
     7.090        0.132        0.153
     7.100        0.105        0.152
     7.110        0.105        0.152
     7.120        0.092        0.149
     7.130        0.105        0.152
     7.140        0.105        0.152
     7.150        0.092        0.149
     7.160        0.118        0.153
     7.170        0.118        0.174
     7.180        0.158        0.190
     7.190        0.132        0.153
     7.200        0.092        0.149
     7.210        0.092        0.149
     7.220        0.092        0.149
     7.230        0.105        0.152
     7.240        0.066        0.140
     7.250        0.066        0.140
     7.260        0.066        0.113
     7.270        0.092        0.124
     7.280        0.105        0.127
     7.290        0.118        0.153
     7.300        0.132        0.153
     7.310        0.145        0.173
     7.320        0.132        0.174
     7.330        0.105        0.152
     7.340        0.092        0.149
     7.350        0.092        0.124
     7.360        0.066        0.113
     7.370        0.066        0.113
     7.380        0.039        0.094
     7.390        0.053        0.105
     7.400        0.039        0.094
     7.410        0.066        0.113
     7.420        0.053        0.105
     7.430        0.079        0.119
     7.440        0.118        0.128
     7.450        0.092        0.124
     7.460        0.118        0.128
     7.470        0.105        0.152
     7.480        0.118        0.153
     7.490        0.092        0.149
     7.500        0.079        0.146
     7.510        0.079        0.119
     7.520        0.079        0.119
     7.530        0.092        0.124
     7.540        0.013        0.057
     7.550        0.066        0.113
     7.560        0.053        0.105
     7.570        0.079        0.119
     7.580        0.079        0.119
     7.590        0.053        0.105
     7.600        0.066        0.113
     7.610        0.079        0.119
     7.620        0.053        0.105
     7.630        0.039        0.094
     7.640        0.053        0.105
     7.650        0.092        0.124
     7.660        0.105        0.152
     7.670        0.105        0.152
     7.680        0.092        0.149
     7.690        0.092        0.149
     7.700        0.079        0.119
     7.710        0.066        0.113
     7.720        0.066        0.113
     7.730        0.092        0.124
     7.740        0.118        0.128
     7.750        0.079        0.146
     7.760        0.079        0.146
     7.770        0.066        0.113
     7.780        0.039        0.094
     7.790        0.079        0.146
     7.800        0.092        0.171
     7.810        0.105        0.173
     7.820        0.105        0.173
     7.830        0.092        0.171
     7.840        0.053        0.105
     7.850        0.039        0.125
     7.860        0.066        0.140
     7.870        0.105        0.152
     7.880        0.105        0.152
     7.890        0.092        0.149
     7.900        0.079        0.119
     7.910        0.079        0.119
     7.920        0.079        0.119
     7.930        0.066        0.140
     7.940        0.053        0.158
     7.950        0.039        0.125
     7.960        0.066        0.140
     7.970        0.039        0.094
     7.980        0.066        0.113
     7.990        0.053        0.105
     8.000        0.053        0.105
     8.010        0.053        0.105
     8.020        0.079        0.146
     8.030        0.079        0.146
     8.040        0.079        0.146
     8.050        0.132        0.174
     8.060        0.118        0.174
     8.070        0.118        0.174
     8.080        0.092        0.171
     8.090        0.105        0.173
     8.100        0.105        0.173
     8.110        0.066        0.140
     8.120        0.039        0.094
     8.130        0.039        0.094
     8.140        0.013        0.057
     8.150        0.026        0.079
     8.160        0.053        0.105
     8.170        0.079        0.146
     8.180        0.118        0.153
     8.190        0.132        0.153
     8.200        0.066        0.113
     8.210        0.066        0.113
     8.220        0.039        0.094
     8.230        0.039        0.094
     8.240        0.039        0.094
     8.250        0.053        0.105
     8.260        0.053        0.105
     8.270        0.079        0.146
     8.280        0.105        0.152
     8.290        0.105        0.152
     8.300        0.118        0.153
     8.310        0.079        0.168
     8.320        0.105        0.192
     8.330        0.092        0.171
     8.340        0.092        0.149
     8.350        0.092        0.149
     8.360        0.079        0.119
     8.370        0.079        0.146
     8.380        0.092        0.124
     8.390        0.092        0.124
     8.400        0.132        0.128
     8.410        0.105        0.152
     8.420        0.092        0.124
     8.430        0.092        0.149
     8.440        0.066        0.113
     8.450        0.092        0.124
     8.460        0.079        0.119
     8.470        0.092        0.149
     8.480        0.092        0.149
     8.490        0.118        0.128
     8.500        0.079        0.119
     8.510        0.066        0.113
     8.520        0.039        0.094
     8.530        0.053        0.105
     8.540        0.079        0.119
     8.550        0.079        0.146
     8.560        0.092        0.149
     8.570        0.079        0.146
     8.580        0.066        0.113
     8.590        0.079        0.119
     8.600        0.066        0.113
     8.610        0.053        0.105
     8.620        0.066        0.140
     8.630        0.079        0.146
     8.640        0.092        0.149
     8.650        0.079        0.146
     8.660        0.118        0.174
     8.670        0.105        0.173
     8.680        0.105        0.152
     8.690        0.079        0.146
     8.700        0.092        0.149
     8.710        0.092        0.124
     8.720        0.092        0.124
     8.730        0.105        0.152
     8.740        0.053        0.105
     8.750        0.039        0.094
     8.760        0.053        0.105
     8.770        0.066        0.113
     8.780        0.053        0.105
     8.790        0.066        0.113
     8.800        0.066        0.140
     8.810        0.079        0.146
     8.820        0.079        0.146
     8.830        0.092        0.149
     8.840        0.066        0.113
     8.850        0.053        0.105
     8.860        0.066        0.113
     8.870        0.079        0.119
     8.880        0.079        0.119
     8.890        0.092        0.149
     8.900        0.118        0.193
     8.910        0.092        0.124
     8.920        0.066        0.113
     8.930        0.066        0.113
     8.940        0.092        0.124
     8.950        0.079        0.146
     8.960        0.079        0.146
     8.970        0.092        0.124
     8.980        0.105        0.127
     8.990        0.118        0.128
     9.000        0.105        0.127
     9.010        0.079        0.119
     9.020        0.053        0.105
     9.030        0.066        0.113
     9.040        0.053        0.105
     9.050        0.079        0.119
     9.060        0.092        0.149
     9.070        0.092        0.124
     9.080        0.066        0.113
     9.090        0.092        0.124
     9.100        0.079        0.119
     9.110        0.079        0.146
     9.120        0.079        0.119
     9.130        0.039        0.094
     9.140        0.053        0.134
     9.150        0.066        0.140
     9.160        0.066        0.140
     9.170        0.118        0.153
     9.180        0.132        0.174
     9.190        0.079        0.146
     9.200        0.039        0.094
     9.210        0.053        0.134
     9.220        0.066        0.163
     9.230        0.079        0.168
     9.240        0.105        0.152
     9.250        0.132        0.153
     9.260        0.145        0.152
     9.270        0.105        0.127
     9.280        0.105        0.127
     9.290        0.118        0.153
     9.300        0.118        0.174
     9.310        0.118        0.210
     9.320        0.105        0.173
     9.330        0.079        0.168
     9.340        0.105        0.173
     9.350        0.105        0.152
     9.360        0.118        0.153
     9.370        0.105        0.152
     9.380        0.079        0.146
     9.390        0.092        0.149
     9.400        0.105        0.152
     9.410        0.079        0.146
     9.420        0.079        0.146
     9.430        0.092        0.124
     9.440        0.118        0.153
     9.450        0.105        0.127
     9.460        0.079        0.119
     9.470        0.053        0.105
     9.480        0.079        0.146
     9.490        0.079        0.146
     9.500        0.079        0.146
     9.510        0.053        0.134
     9.520        0.079        0.146
     9.530        0.105        0.152
     9.540        0.118        0.153
     9.550        0.105        0.152
     9.560        0.092        0.124
     9.570        0.092        0.124
     9.580        0.079        0.119
     9.590        0.079        0.119
     9.600        0.066        0.113
     9.610        0.053        0.105
     9.620        0.079        0.146
     9.630        0.092        0.124
     9.640        0.092        0.124
     9.650        0.079        0.119
     9.660        0.039        0.094
     9.670        0.066        0.113
     9.680        0.053        0.105
     9.690        0.066        0.113
     9.700        0.105        0.152
     9.710        0.105        0.152
     9.720        0.105        0.152
     9.730        0.118        0.153
     9.740        0.105        0.152
     9.750        0.066        0.140
     9.760        0.066        0.140
     9.770        0.039        0.094
     9.780        0.053        0.105
     9.790        0.105        0.127
     9.800        0.105        0.127
     9.810        0.092        0.124
     9.820        0.092        0.124
     9.830        0.066        0.113
     9.840        0.039        0.094
     9.850        0.066        0.113
     9.860        0.092        0.149
     9.870        0.118        0.153
     9.880        0.079        0.146
     9.890        0.092        0.149
     9.900        0.079        0.119
     9.910        0.053        0.105
     9.920        0.039        0.094
     9.930        0.026        0.079
     9.940        0.053        0.105
     9.950        0.066        0.113
     9.960        0.066        0.113
     9.970        0.053        0.105
     9.980        0.079        0.119
     9.990        0.079        0.119
    10.000        0.092        0.149
    10.010        0.092        0.124
    10.020        0.066        0.113
    10.030        0.053        0.105
    10.040        0.039        0.094
    10.050        0.039        0.094
    10.060        0.053        0.105
    10.070        0.066        0.113
    10.080        0.092        0.124
    10.090        0.079        0.119
    10.100        0.066        0.113
    10.110        0.053        0.105
    10.120        0.053        0.105
    10.130        0.066        0.113
    10.140        0.066        0.140
    10.150        0.053        0.134
    10.160        0.092        0.149
    10.170        0.066        0.140
    10.180        0.053        0.134
    10.190        0.039        0.125
    10.200        0.066        0.113
    10.210        0.066        0.113
    10.220        0.026        0.079
    10.230        0.053        0.105
    10.240        0.039        0.094
    10.250        0.039        0.094
    10.260        0.039        0.094
    10.270        0.039        0.094
    10.280        0.053        0.105
    10.290        0.053        0.105
    10.300        0.066        0.113
    10.310        0.053        0.105
    10.320        0.039        0.094
    10.330        0.026        0.079
    10.340        0.026        0.079
    10.350        0.039        0.094
    10.360        0.053        0.105
    10.370        0.053        0.105
    10.380        0.053        0.134
    10.390        0.066        0.140
    10.400        0.053        0.105
    10.410        0.066        0.140
    10.420        0.053        0.105
    10.430        0.066        0.113
    10.440        0.079        0.119
    10.450        0.053        0.105
    10.460        0.066        0.140
    10.470        0.066        0.140
    10.480        0.053        0.134
    10.490        0.066        0.113
    10.500        0.092        0.124
    10.510        0.092        0.124
    10.520        0.092        0.124
    10.530        0.092        0.149
    10.540        0.079        0.146
    10.550        0.053        0.105
    10.560        0.079        0.119
    10.570        0.092        0.124
    10.580        0.079        0.146
    10.590        0.092        0.149
    10.600        0.105        0.152
    10.610        0.079        0.119
    10.620        0.039        0.094
    10.630        0.066        0.113
    10.640        0.066        0.113
    10.650        0.066        0.113
    10.660        0.066        0.113
    10.670        0.053        0.105
    10.680        0.053        0.105
    10.690        0.066        0.113
    10.700        0.066        0.113
    10.710        0.105        0.152
    10.720        0.132        0.128
    10.730        0.105        0.127
    10.740        0.105        0.127
    10.750        0.092        0.124
    10.760        0.118        0.128
    10.770        0.092        0.124
    10.780        0.105        0.127
    10.790        0.092        0.124
    10.800        0.092        0.124
    10.810        0.066        0.113
    10.820        0.092        0.124
    10.830        0.105        0.152
    10.840        0.092        0.124
    10.850        0.079        0.119
    10.860        0.092        0.124
    10.870        0.118        0.153
    10.880        0.118        0.153
    10.890        0.092        0.149
    10.900        0.079        0.119
    10.910        0.105        0.152
    10.920        0.092        0.149
    10.930        0.079        0.146
    10.940        0.118        0.153
    10.950        0.118        0.153
    10.960        0.118        0.153
    10.970        0.105        0.127
    10.980        0.118        0.153
    10.990        0.105        0.127
    11.000        0.079        0.119
    11.010        0.066        0.113
    11.020        0.079        0.119
    11.030        0.105        0.127
    11.040        0.105        0.152
    11.050        0.118        0.174
    11.060        0.158        0.171
    11.070        0.145        0.173
    11.080        0.118        0.128
    11.090        0.118        0.153
    11.100        0.105        0.127
    11.110        0.092        0.124
    11.120        0.105        0.127
    11.130        0.066        0.113
    11.140        0.066        0.113
    11.150        0.092        0.124
    11.160        0.092        0.124
    11.170        0.092        0.124
    11.180        0.105        0.127
    11.190        0.105        0.127
    11.200        0.105        0.127
    11.210        0.105        0.152
    11.220        0.105        0.152
    11.230        0.092        0.149
    11.240        0.053        0.105
    11.250        0.066        0.113
    11.260        0.092        0.149
    11.270        0.092        0.149
    11.280        0.105        0.152
    11.290        0.132        0.153
    11.300        0.118        0.153
    11.310        0.118        0.153
    11.320        0.132        0.153
    11.330        0.118        0.153
    11.340        0.132        0.174
    11.350        0.132        0.174
    11.360        0.118        0.174
    11.370        0.145        0.173
    11.380        0.158        0.171
    11.390        0.158        0.171
    11.400        0.105        0.152
    11.410        0.079        0.146
    11.420        0.092        0.124
    11.430        0.105        0.152
    11.440        0.105        0.127
    11.450        0.118        0.128
    11.460        0.132        0.153
    11.470        0.118        0.153
    11.480        0.092        0.149
    11.490        0.079        0.146
    11.500        0.066        0.140
    11.510        0.079        0.146
    11.520        0.092        0.149
    11.530        0.105        0.152
    11.540        0.092        0.149
    11.550        0.105        0.173
    11.560        0.092        0.124
    11.570        0.118        0.153
    11.580        0.105        0.152
    11.590        0.158        0.171
    11.600        0.145        0.173
    11.610        0.171        0.187
    11.620        0.145        0.173
    11.630        0.079        0.146
    11.640        0.092        0.171
    11.650        0.066        0.140
    11.660        0.092        0.149
    11.670        0.066        0.140
    11.680        0.039        0.094
    11.690        0.066        0.140
    11.700        0.105        0.152
    11.710        0.092        0.149
    11.720        0.079        0.119
    11.730        0.132        0.153
    11.740        0.145        0.152
    11.750        0.105        0.152
    11.760        0.079        0.146
    11.770        0.079        0.119
    11.780        0.066        0.113
    11.790        0.105        0.152
    11.800        0.066        0.113
    11.810        0.066        0.113
    11.820        0.079        0.119
    11.830        0.092        0.149
    11.840        0.092        0.149
    11.850        0.105        0.152
    11.860        0.066        0.113
    11.870        0.066        0.113
    11.880        0.053        0.105
    11.890        0.053        0.105
    11.900        0.053        0.105
    11.910        0.066        0.113
    11.920        0.118        0.174
    11.930        0.092        0.149
    11.940        0.079        0.146
    11.950        0.105        0.152
    11.960        0.053        0.105
    11.970        0.039        0.094
    11.980        0.053        0.105
    11.990        0.053        0.105
    12.000        0.039        0.094
    12.010        0.066        0.113
    12.020        0.092        0.124
    12.030        0.066        0.113
    12.040        0.053        0.105
    12.050        0.066        0.113
    12.060        0.092        0.149
    12.070        0.092        0.149
    12.080        0.079        0.146
    12.090        0.066        0.113
    12.100        0.066        0.113
    12.110        0.079        0.119
    12.120        0.092        0.124
    12.130        0.079        0.119
    12.140        0.039        0.094
    12.150        0.053        0.105
    12.160        0.026        0.079
    12.170        0.039        0.094
    12.180        0.039        0.094
    12.190        0.039        0.094
    12.200        0.039        0.094
    12.210        0.039        0.094
    12.220        0.039        0.094
    12.230        0.053        0.105
    12.240        0.079        0.146
    12.250        0.053        0.105
    12.260        0.039        0.094
    12.270        0.066        0.140
    12.280        0.026        0.079
    12.290        0.066        0.113
    12.300        0.053        0.105
    12.310        0.053        0.105
    12.320        0.039        0.094
    12.330        0.039        0.094
    12.340        0.053        0.105
    12.350        0.066        0.113
    12.360        0.079        0.119
    12.370        0.066        0.113
    12.380        0.039        0.094
    12.390        0.039        0.094
    12.400        0.066        0.113
    12.410        0.053        0.105
    12.420        0.053        0.105
    12.430        0.026        0.079
    12.440        0.039        0.094
    12.450        0.066        0.113
    12.460        0.053        0.105
    12.470        0.026        0.079
    12.480        0.013        0.057
    12.490        0.026        0.079
    12.500        0.026        0.079
    12.510        0.039        0.094
    12.520        0.039        0.094
    12.530        0.053        0.105
    12.540        0.026        0.079
    12.550        0.026        0.079
    12.560        0.026        0.079
    12.570        0.013        0.057
    12.580        0.013        0.057
    12.590        0.026        0.079
    12.600        0.039        0.094
    12.610        0.039        0.094
    12.620        0.039        0.094
    12.630        0.026        0.079
    12.640        0.039        0.094
    12.650        0.026        0.079
    12.660        0.039        0.094
    12.670        0.039        0.094
    12.680        0.053        0.105
    12.690        0.053        0.105
    12.700        0.053        0.105
    12.710        0.026        0.079
    12.720        0.039        0.094
    12.730        0.053        0.105
    12.740        0.053        0.105
    12.750        0.066        0.113
    12.760        0.053        0.105
    12.770        0.026        0.079
    12.780        0.053        0.134
    12.790        0.053        0.134
    12.800        0.039        0.094
    12.810        0.053        0.105
    12.820        0.026        0.079
    12.830        0.026        0.079
    12.840        0.039        0.094
    12.850        0.039        0.094
    12.860        0.013        0.057
    12.870        0.013        0.057
    12.880        0.039        0.094
    12.890        0.039        0.094
    12.900        0.079        0.119
    12.910        0.039        0.094
    12.920        0.039        0.094
    12.930        0.039        0.094
    12.940        0.039        0.125
    12.950        0.026        0.115
    12.960        0.053        0.134
    12.970        0.066        0.113
    12.980        0.053        0.105
    12.990        0.066        0.113
    13.000        0.039        0.094
    13.010        0.026        0.079
    13.020        0.039        0.094
    13.030        0.053        0.105
    13.040        0.053        0.105
    13.050        0.039        0.094
    13.060        0.053        0.105
    13.070        0.092        0.149
    13.080        0.053        0.105
    13.090        0.013        0.057
    13.100        0.013        0.057
    13.110        0.013        0.057
    13.120        0.013        0.057
    13.130        0.013        0.057
    13.140        0.026        0.079
    13.150        0.053        0.105
    13.160        0.053        0.105
    13.170        0.039        0.094
    13.180        0.039        0.094
    13.190        0.013        0.057
    13.200        0.026        0.079
    13.210        0.039        0.094
    13.220        0.039        0.094
    13.230        0.066        0.113
    13.240        0.105        0.127
    13.250        0.066        0.113
    13.260        0.053        0.105
    13.270        0.053        0.105
    13.280        0.053        0.105
    13.290        0.079        0.119
    13.300        0.039        0.094
    13.310        0.066        0.113
    13.320        0.079        0.119
    13.330        0.039        0.094
    13.340        0.053        0.105
    13.350        0.066        0.113
    13.360        0.053        0.105
    13.370        0.053        0.105
    13.380        0.053        0.105
    13.390        0.066        0.113
    13.400        0.053        0.105
    13.410        0.079        0.119
    13.420        0.053        0.105
    13.430        0.053        0.105
    13.440        0.039        0.094
    13.450        0.026        0.079
    13.460        0.026        0.079
    13.470        0.039        0.094
    13.480        0.053        0.105
    13.490        0.053        0.105
    13.500        0.053        0.105
    13.510        0.053        0.105
    13.520        0.039        0.094
    13.530        0.039        0.094
    13.540        0.026        0.079
    13.550        0.039        0.094
    13.560        0.039        0.094
    13.570        0.053        0.105
    13.580        0.053        0.105
    13.590        0.079        0.146
    13.600        0.092        0.149
    13.610        0.079        0.119
    13.620        0.079        0.146
    13.630        0.079        0.146
    13.640        0.066        0.113
    13.650        0.092        0.124
    13.660        0.092        0.124
    13.670        0.079        0.119
    13.680        0.079        0.119
    13.690        0.053        0.105
    13.700        0.053        0.105
    13.710        0.039        0.094
    13.720        0.039        0.094
    13.730        0.066        0.113
    13.740        0.053        0.105
    13.750        0.039        0.094
    13.760        0.039        0.094
    13.770        0.053        0.105
    13.780        0.053        0.105
    13.790        0.053        0.105
    13.800        0.053        0.105
    13.810        0.026        0.079
    13.820        0.026        0.079
    13.830        0.039        0.094
    13.840        0.053        0.105
    13.850        0.053        0.105
    13.860        0.066        0.113
    13.870        0.079        0.119
    13.880        0.092        0.124
    13.890        0.066        0.113
    13.900        0.066        0.113
    13.910        0.053        0.105
    13.920        0.053        0.105
    13.930        0.053        0.105
    13.940        0.079        0.119
    13.950        0.079        0.119
    13.960        0.079        0.119
    13.970        0.053        0.105
    13.980        0.053        0.105
    13.990        0.053        0.105
    14.000        0.066        0.113
    14.010        0.066        0.113
    14.020        0.053        0.105
    14.030        0.039        0.094
    14.040        0.039        0.094
    14.050        0.026        0.079
    14.060        0.039        0.094
    14.070        0.026        0.079
    14.080        0.053        0.134
    14.090        0.053        0.134
    14.100        0.066        0.140
    14.110        0.066        0.140
    14.120        0.066        0.113
    14.130        0.066        0.113
    14.140        0.079        0.119
    14.150        0.066        0.113
    14.160        0.066        0.113
    14.170        0.092        0.124
    14.180        0.092        0.124
    14.190        0.053        0.105
    14.200        0.053        0.105
    14.210        0.053        0.105
    14.220        0.053        0.105
    14.230        0.026        0.079
    14.240        0.053        0.105
    14.250        0.039        0.094
    14.260        0.039        0.094
    14.270        0.039        0.094
    14.280        0.026        0.079
    14.290        0.026        0.079
    14.300        0.039        0.094
    14.310        0.039        0.094
    14.320        0.039        0.094
    14.330        0.053        0.105
    14.340        0.053        0.105
    14.350        0.026        0.079
    14.360        0.026        0.079
    14.370        0.026        0.079
    14.380        0.039        0.094
    14.390        0.039        0.094
    14.400        0.013        0.057
    14.410        0.013        0.057
    14.420        0.013        0.057
    14.430        0.026        0.079
    14.440        0.026        0.079
    14.450        0.026        0.079
    14.460        0.026        0.079
    14.470        0.013        0.057
    14.480        0.013        0.057
    14.490        0.013        0.057
    14.500        0.013        0.057
    14.510        0.013        0.057
    14.520        0.013        0.057
    14.530        0.026        0.079
    14.540        0.039        0.094
    14.550        0.026        0.079
    14.560        0.013        0.057
    14.570        0.026        0.079
    14.580        0.013        0.057
    14.590        0.026        0.079
    14.600        0.053        0.134
    14.610        0.026        0.079
    14.620        0.026        0.079
    14.630        0.066        0.113
    14.640        0.079        0.119
    14.650        0.066        0.113
    14.660        0.039        0.094
    14.670        0.039        0.094
    14.680        0.066        0.113
    14.690        0.053        0.105
    14.700        0.026        0.079
    14.710        0.026        0.079
    14.720        0.026        0.079
    14.730        0.039        0.125
    14.740        0.039        0.125
    14.750        0.039        0.125
    14.760        0.013        0.057
    14.770        0.039        0.094
    14.780        0.039        0.094
    14.790        0.026        0.079
    14.800        0.013        0.057
    14.810        0.026        0.079
    14.820        0.066        0.113
    14.830        0.079        0.119
    14.840        0.079        0.146
    14.850        0.066        0.113
    14.860        0.039        0.094
    14.870        0.066        0.113
    14.880        0.079        0.146
    14.890        0.079        0.146
    14.900        0.079        0.146
    14.910        0.066        0.140
    14.920        0.053        0.134
    14.930        0.026        0.079
    14.940        0.053        0.105
    14.950        0.053        0.105
    14.960        0.039        0.094
    14.970        0.026        0.079
    14.980        0.066        0.140
    14.990        0.066        0.140
    15.000        0.066        0.140
