#  Time (ps)      MSD          STD
     0.000        0.000        0.000
     0.010        0.003        0.000
     0.020        0.010        0.001
     0.030        0.021        0.003
     0.040        0.035        0.005
     0.050        0.051        0.007
     0.060        0.068        0.010
     0.070        0.086        0.012
     0.080        0.103        0.015
     0.090        0.121        0.018
     0.100        0.138        0.021
     0.110        0.156        0.024
     0.120        0.173        0.027
     0.130        0.189        0.030
     0.140        0.206        0.034
     0.150        0.222        0.037
     0.160        0.237        0.040
     0.170        0.253        0.044
     0.180        0.268        0.047
     0.190        0.283        0.050
     0.200        0.298        0.054
     0.210        0.313        0.057
     0.220        0.327        0.061
     0.230        0.341        0.064
     0.240        0.354        0.068
     0.250        0.367        0.071
     0.260        0.380        0.075
     0.270        0.393        0.078
     0.280        0.405        0.082
     0.290        0.416        0.085
     0.300        0.427        0.089
     0.310        0.438        0.092
     0.320        0.449        0.095
     0.330        0.459        0.099
     0.340        0.469        0.102
     0.350        0.478        0.105
     0.360        0.488        0.109
     0.370        0.497        0.112
     0.380        0.505        0.115
     0.390        0.514        0.118
     0.400        0.522        0.122
     0.410        0.530        0.125
     0.420        0.538        0.128
     0.430        0.546        0.131
     0.440        0.553        0.134
     0.450        0.561        0.137
     0.460        0.568        0.140
     0.470        0.575        0.143
     0.480        0.582        0.146
     0.490        0.589        0.148
     0.500        0.595        0.151
     0.510        0.601        0.154
     0.520        0.608        0.156
     0.530        0.614        0.159
     0.540        0.621        0.161
     0.550        0.627        0.164
     0.560        0.633        0.167
     0.570        0.639        0.170
     0.580        0.645        0.172
     0.590        0.650        0.175
     0.600        0.656        0.177
     0.610        0.661        0.180
     0.620        0.666        0.182
     0.630        0.672        0.185
     0.640        0.677        0.187
     0.650        0.683        0.190
     0.660        0.688        0.193
     0.670        0.693        0.195
     0.680        0.698        0.197
     0.690        0.703        0.199
     0.700        0.708        0.202
     0.710        0.713        0.204
     0.720        0.718        0.206
     0.730        0.723        0.208
     0.740        0.728        0.211
     0.750        0.733        0.213
     0.760        0.738        0.215
     0.770        0.744        0.217
     0.780        0.749        0.219
     0.790        0.753        0.221
     0.800        0.758        0.223
     0.810        0.763        0.224
     0.820        0.768        0.226
     0.830        0.772        0.228
     0.840        0.777        0.230
     0.850        0.782        0.232
     0.860        0.787        0.233
     0.870        0.792        0.235
     0.880        0.796        0.236
     0.890        0.801        0.238
     0.900        0.806        0.239
     0.910        0.810        0.241
     0.920        0.815        0.242
     0.930        0.819        0.243
     0.940        0.824        0.245
     0.950        0.828        0.246
     0.960        0.833        0.247
     0.970        0.837        0.249
     0.980        0.841        0.250
     0.990        0.846        0.251
     1.000        0.850        0.253
     1.010        0.855        0.254
     1.020        0.859        0.255
     1.030        0.863        0.257
     1.040        0.868        0.258
     1.050        0.872        0.259
     1.060        0.877        0.261
     1.070        0.881        0.261
     1.080        0.885        0.262
     1.090        0.889        0.263
     1.100        0.894        0.264
     1.110        0.898        0.266
     1.120        0.903        0.267
     1.130        0.907        0.268
     1.140        0.911        0.269
     1.150        0.915        0.270
     1.160        0.920        0.272
     1.170        0.924        0.272
     1.180        0.928        0.274
     1.190        0.932        0.275
     1.200        0.937        0.276
     1.210        0.941        0.277
     1.220        0.945        0.279
     1.230        0.950        0.280
     1.240        0.954        0.281
     1.250        0.958        0.283
     1.260        0.963        0.284
     1.270        0.967        0.286
     1.280        0.971        0.287
     1.290        0.976        0.288
     1.300        0.980        0.290
     1.310        0.985        0.291
     1.320        0.989        0.293
     1.330        0.994        0.294
     1.340        0.998        0.296
     1.350        1.002        0.298
     1.360        1.007        0.300
     1.370        1.012        0.301
     1.380        1.017        0.303
     1.390        1.021        0.304
     1.400        1.026        0.306
     1.410        1.031        0.308
     1.420        1.035        0.309
     1.430        1.040        0.311
     1.440        1.044        0.313
     1.450        1.049        0.315
     1.460        1.054        0.318
     1.470        1.059        0.319
     1.480        1.063        0.322
     1.490        1.068        0.324
     1.500        1.073        0.326
     1.510        1.077        0.328
     1.520        1.082        0.330
     1.530        1.087        0.333
     1.540        1.091        0.335
     1.550        1.096        0.337
     1.560        1.102        0.340
     1.570        1.107        0.342
     1.580        1.112        0.344
     1.590        1.117        0.347
     1.600        1.122        0.349
     1.610        1.127        0.350
     1.620        1.132        0.352
     1.630        1.136        0.354
     1.640        1.141        0.356
     1.650        1.146        0.358
     1.660        1.151        0.360
     1.670        1.156        0.362
     1.680        1.161        0.364
     1.690        1.166        0.366
     1.700        1.171        0.368
     1.710        1.175        0.370
     1.720        1.180        0.371
     1.730        1.185        0.373
     1.740        1.189        0.375
     1.750        1.194        0.376
     1.760        1.199        0.378
     1.770        1.204        0.379
     1.780        1.209        0.381
     1.790        1.213        0.382
     1.800        1.218        0.384
     1.810        1.222        0.386
     1.820        1.226        0.388
     1.830        1.231        0.390
     1.840        1.235        0.391
     1.850        1.240        0.393
     1.860        1.245        0.395
     1.870        1.249        0.396
     1.880        1.254        0.398
     1.890        1.258        0.400
     1.900        1.263        0.402
     1.910        1.267        0.404
     1.920        1.271        0.406
     1.930        1.276        0.408
     1.940        1.280        0.410
     1.950        1.285        0.412
     1.960        1.290        0.414
     1.970        1.294        0.415
     1.980        1.299        0.418
     1.990        1.304        0.420
     2.000        1.308        0.422
     2.010        1.313        0.424
     2.020        1.317        0.427
     2.030        1.322        0.429
     2.040        1.326        0.431
     2.050        1.331        0.433
     2.060        1.336        0.436
     2.070        1.340        0.438
     2.080        1.345        0.440
     2.090        1.349        0.443
     2.100        1.353        0.446
     2.110        1.358        0.448
     2.120        1.362        0.451
     2.130        1.367        0.453
     2.140        1.371        0.455
     2.150        1.376        0.457
     2.160        1.381        0.460
     2.170        1.385        0.462
     2.180        1.390        0.464
     2.190        1.394        0.467
     2.200        1.399        0.469
     2.210        1.403        0.472
     2.220        1.408        0.474
     2.230        1.413        0.476
     2.240        1.418        0.478
     2.250        1.422        0.480
     2.260        1.427        0.482
     2.270        1.432        0.484
     2.280        1.437        0.486
     2.290        1.442        0.488
     2.300        1.446        0.491
     2.310        1.451        0.493
     2.320        1.456        0.496
     2.330        1.461        0.498
     2.340        1.465        0.500
     2.350        1.470        0.501
     2.360        1.475        0.503
     2.370        1.480        0.504
     2.380        1.485        0.506
     2.390        1.489        0.508
     2.400        1.494        0.510
     2.410        1.499        0.512
     2.420        1.503        0.514
     2.430        1.508        0.515
     2.440        1.512        0.517
     2.450        1.517        0.519
     2.460        1.522        0.520
     2.470        1.527        0.521
     2.480        1.531        0.522
     2.490        1.536        0.524
     2.500        1.541        0.526
     2.510        1.546        0.528
     2.520        1.551        0.530
     2.530        1.556        0.531
     2.540        1.561        0.533
     2.550        1.566        0.534
     2.560        1.572        0.536
     2.570        1.576        0.536
     2.580        1.581        0.538
     2.590        1.586        0.539
     2.600        1.591        0.541
     2.610        1.596        0.543
     2.620        1.601        0.545
     2.630        1.606        0.547
     2.640        1.611        0.549
     2.650        1.616        0.551
     2.660        1.622        0.553
     2.670        1.627        0.554
     2.680        1.632        0.556
     2.690        1.637        0.558
     2.700        1.642        0.560
     2.710        1.646        0.562
     2.720        1.651        0.564
     2.730        1.655        0.566
     2.740        1.660        0.568
     2.750        1.665        0.570
     2.760        1.670        0.572
     2.770        1.675        0.573
     2.780        1.680        0.575
     2.790        1.685        0.577
     2.800        1.689        0.579
     2.810        1.694        0.581
     2.820        1.698        0.583
     2.830        1.702        0.585
     2.840        1.706        0.587
     2.850        1.711        0.589
     2.860        1.716        0.591
     2.870        1.720        0.592
     2.880        1.725        0.594
     2.890        1.729        0.595
     2.900        1.734        0.598
     2.910        1.738        0.600
     2.920        1.742        0.602
     2.930        1.747        0.603
     2.940        1.751        0.605
     2.950        1.755        0.607
     2.960        1.760        0.609
     2.970        1.765        0.610
     2.980        1.770        0.612
     2.990        1.774        0.613
     3.000        1.779        0.615
     3.010        1.783        0.617
     3.020        1.787        0.619
     3.030        1.791        0.621
     3.040        1.796        0.623
     3.050        1.800        0.625
     3.060        1.805        0.627
     3.070        1.810        0.628
     3.080        1.814        0.630
     3.090        1.819        0.632
     3.100        1.823        0.634
     3.110        1.827        0.637
     3.120        1.832        0.639
     3.130        1.836        0.641
     3.140        1.841        0.643
     3.150        1.845        0.645
     3.160        1.850        0.647
     3.170        1.854        0.648
     3.180        1.859        0.650
     3.190        1.863        0.652
     3.200        1.868        0.654
     3.210        1.872        0.657
     3.220        1.876        0.659
     3.230        1.881        0.661
     3.240        1.886        0.663
     3.250        1.890        0.665
     3.260        1.895        0.667
     3.270        1.900        0.669
     3.280        1.905        0.671
     3.290        1.909        0.673
     3.300        1.914        0.675
     3.310        1.919        0.678
     3.320        1.923        0.680
     3.330        1.928        0.683
     3.340        1.932        0.685
     3.350        1.937        0.688
     3.360        1.942        0.690
     3.370        1.947        0.692
     3.380        1.952        0.694
     3.390        1.956        0.696
     3.400        1.961        0.698
     3.410        1.965        0.700
     3.420        1.970        0.703
     3.430        1.974        0.705
     3.440        1.979        0.707
     3.450        1.983        0.709
     3.460        1.989        0.712
     3.470        1.994        0.713
     3.480        1.998        0.715
     3.490        2.003        0.717
     3.500        2.007        0.719
     3.510        2.011        0.722
     3.520        2.015        0.724
     3.530        2.020        0.727
     3.540        2.024        0.730
     3.550        2.029        0.732
     3.560        2.034        0.735
     3.570        2.039        0.736
     3.580        2.043        0.738
     3.590        2.048        0.741
     3.600        2.052        0.743
     3.610        2.056        0.746
     3.620        2.061        0.749
     3.630        2.065        0.752
     3.640        2.069        0.754
     3.650        2.074        0.757
     3.660        2.079        0.760
     3.670        2.084        0.761
     3.680        2.089        0.763
     3.690        2.093        0.766
     3.700        2.098        0.768
     3.710        2.103        0.771
     3.720        2.107        0.774
     3.730        2.112        0.777
     3.740        2.116        0.779
     3.750        2.121        0.781
     3.760        2.126        0.784
     3.770        2.131        0.784
     3.780        2.136        0.786
     3.790        2.140        0.788
     3.800        2.145        0.790
     3.810        2.149        0.793
     3.820        2.153        0.795
     3.830        2.158        0.798
     3.840        2.162        0.799
     3.850        2.167        0.801
     3.860        2.172        0.803
     3.870        2.177        0.804
     3.880        2.182        0.806
     3.890        2.186        0.807
     3.900        2.190        0.809
     3.910        2.195        0.812
     3.920        2.199        0.814
     3.930        2.203        0.816
     3.940        2.207        0.818
     3.950        2.211        0.820
     3.960        2.216        0.822
     3.970        2.221        0.822
     3.980        2.225        0.824
     3.990        2.230        0.825
     4.000        2.234        0.827
     4.010        2.238        0.829
     4.020        2.242        0.831
     4.030        2.245        0.834
     4.040        2.249        0.836
     4.050        2.253        0.838
     4.060        2.258        0.840
     4.070        2.263        0.840
     4.080        2.267        0.842
     4.090        2.271        0.845
     4.100        2.275        0.846
     4.110        2.279        0.849
     4.120        2.283        0.850
     4.130        2.287        0.853
     4.140        2.291        0.855
     4.150        2.295        0.857
     4.160        2.300        0.860
     4.170        2.304        0.860
     4.180        2.309        0.862
     4.190        2.313        0.864
     4.200        2.316        0.866
     4.210        2.321        0.868
     4.220        2.324        0.870
     4.230        2.328        0.873
     4.240        2.332        0.875
     4.250        2.336        0.877
     4.260        2.341        0.879
     4.270        2.345        0.879
     4.280        2.350        0.881
     4.290        2.354        0.883
     4.300        2.358        0.885
     4.310        2.362        0.888
     4.320        2.366        0.891
     4.330        2.370        0.894
     4.340        2.374        0.896
     4.350        2.378        0.900
     4.360        2.383        0.902
     4.370        2.387        0.902
     4.380        2.392        0.904
     4.390        2.396        0.907
     4.400        2.400        0.909
     4.410        2.404        0.912
     4.420        2.408        0.915
     4.430        2.411        0.918
     4.440        2.415        0.920
     4.450        2.420        0.923
     4.460        2.425        0.926
     4.470        2.429        0.925
     4.480        2.433        0.928
     4.490        2.438        0.930
     4.500        2.442        0.933
     4.510        2.446        0.936
     4.520        2.450        0.939
     4.530        2.453        0.942
     4.540        2.458        0.944
     4.550        2.462        0.947
     4.560        2.468        0.950
     4.570        2.472        0.949
     4.580        2.478        0.952
     4.590        2.482        0.955
     4.600        2.487        0.957
     4.610        2.492        0.960
     4.620        2.496        0.962
     4.630        2.499        0.966
     4.640        2.504        0.968
     4.650        2.509        0.971
     4.660        2.515        0.974
     4.670        2.520        0.974
     4.680        2.525        0.977
     4.690        2.530        0.980
     4.700        2.534        0.982
     4.710        2.539        0.985
     4.720        2.543        0.988
     4.730        2.546        0.991
     4.740        2.551        0.993
     4.750        2.556        0.996
     4.760        2.562        0.999
     4.770        2.567        1.000
     4.780        2.572        1.003
     4.790        2.577        1.005
     4.800        2.581        1.008
     4.810        2.586        1.011
     4.820        2.590        1.013
     4.830        2.593        1.016
     4.840        2.598        1.019
     4.850        2.602        1.021
     4.860        2.608        1.024
     4.870        2.613        1.025
     4.880        2.618        1.027
     4.890        2.622        1.030
     4.900        2.626        1.032
     4.910        2.630        1.035
     4.920        2.634        1.037
     4.930        2.637        1.041
     4.940        2.641        1.044
     4.950        2.645        1.047
     4.960        2.651        1.050
     4.970        2.656        1.051
     4.980        2.661        1.053
     4.990        2.665        1.056
     5.000        2.669        1.059
     5.010        2.673        1.062
     5.020        2.676        1.063
     5.030        2.679        1.066
     5.040        2.683        1.069
     5.050        2.687        1.072
     5.060        2.693        1.075
     5.070        2.698        1.076
     5.080        2.703        1.078
     5.090        2.707        1.081
     5.100        2.711        1.083
     5.110        2.715        1.087
     5.120        2.718        1.088
     5.130        2.722        1.091
     5.140        2.726        1.094
     5.150        2.731        1.097
     5.160        2.737        1.100
     5.170        2.742        1.101
     5.180        2.747        1.104
     5.190        2.751        1.106
     5.200        2.756        1.109
     5.210        2.760        1.112
     5.220        2.763        1.114
     5.230        2.767        1.117
     5.240        2.771        1.120
     5.250        2.776        1.123
     5.260        2.781        1.126
     5.270        2.786        1.126
     5.280        2.791        1.129
     5.290        2.796        1.131
     5.300        2.800        1.134
     5.310        2.805        1.137
     5.320        2.808        1.139
     5.330        2.813        1.141
     5.340        2.817        1.144
     5.350        2.822        1.147
     5.360        2.829        1.151
     5.370        2.834        1.152
     5.380        2.839        1.154
     5.390        2.844        1.157
     5.400        2.849        1.160
     5.410        2.853        1.163
     5.420        2.856        1.164
     5.430        2.860        1.167
     5.440        2.865        1.170
     5.450        2.871        1.172
     5.460        2.877        1.175
     5.470        2.881        1.176
     5.480        2.886        1.178
     5.490        2.891        1.181
     5.500        2.895        1.184
     5.510        2.899        1.187
     5.520        2.903        1.189
     5.530        2.907        1.191
     5.540        2.912        1.194
     5.550        2.917        1.197
     5.560        2.923        1.199
     5.570        2.928        1.201
     5.580        2.933        1.203
     5.590        2.937        1.205
     5.600        2.941        1.207
     5.610        2.945        1.210
     5.620        2.948        1.212
     5.630        2.952        1.214
     5.640        2.957        1.217
     5.650        2.962        1.219
     5.660        2.968        1.222
     5.670        2.973        1.223
     5.680        2.977        1.225
     5.690        2.981        1.226
     5.700        2.985        1.228
     5.710        2.989        1.230
     5.720        2.992        1.231
     5.730        2.996        1.233
     5.740        3.000        1.235
     5.750        3.005        1.237
     5.760        3.011        1.239
     5.770        3.016        1.240
     5.780        3.021        1.242
     5.790        3.025        1.243
     5.800        3.029        1.245
     5.810        3.033        1.247
     5.820        3.037        1.248
     5.830        3.041        1.250
     5.840        3.046        1.252
     5.850        3.050        1.253
     5.860        3.056        1.255
     5.870        3.062        1.256
     5.880        3.067        1.257
     5.890        3.071        1.259
     5.900        3.075        1.260
     5.910        3.079        1.262
     5.920        3.082        1.263
     5.930        3.086        1.264
     5.940        3.091        1.266
     5.950        3.095        1.267
     5.960        3.101        1.269
     5.970        3.106        1.270
     5.980        3.111        1.271
     5.990        3.116        1.273
     6.000        3.119        1.274
     6.010        3.123        1.276
     6.020        3.126        1.277
     6.030        3.130        1.279
     6.040        3.135        1.281
     6.050        3.140        1.283
     6.060        3.145        1.284
     6.070        3.150        1.286
     6.080        3.155        1.287
     6.090        3.160        1.289
     6.100        3.163        1.291
     6.110        3.167        1.293
     6.120        3.170        1.295
     6.130        3.174        1.296
     6.140        3.178        1.299
     6.150        3.183        1.300
     6.160        3.188        1.303
     6.170        3.193        1.304
     6.180        3.198        1.306
     6.190        3.202        1.307
     6.200        3.206        1.309
     6.210        3.209        1.312
     6.220        3.212        1.313
     6.230        3.216        1.315
     6.240        3.220        1.317
     6.250        3.224        1.319
     6.260        3.229        1.322
     6.270        3.234        1.323
     6.280        3.239        1.325
     6.290        3.243        1.328
     6.300        3.247        1.330
     6.310        3.251        1.333
     6.320        3.254        1.334
     6.330        3.257        1.337
     6.340        3.262        1.340
     6.350        3.266        1.342
     6.360        3.271        1.345
     6.370        3.276        1.347
     6.380        3.281        1.349
     6.390        3.285        1.351
     6.400        3.288        1.353
     6.410        3.292        1.356
     6.420        3.295        1.358
     6.430        3.299        1.360
     6.440        3.304        1.363
     6.450        3.308        1.365
     6.460        3.314        1.368
     6.470        3.319        1.370
     6.480        3.324        1.372
     6.490        3.328        1.374
     6.500        3.333        1.376
     6.510        3.337        1.379
     6.520        3.340        1.381
     6.530        3.344        1.383
     6.540        3.349        1.386
     6.550        3.354        1.388
     6.560        3.360        1.390
     6.570        3.365        1.392
     6.580        3.371        1.394
     6.590        3.376        1.396
     6.600        3.380        1.399
     6.610        3.385        1.401
     6.620        3.389        1.403
     6.630        3.393        1.404
     6.640        3.398        1.407
     6.650        3.403        1.409
     6.660        3.409        1.411
     6.670        3.415        1.414
     6.680        3.421        1.416
     6.690        3.426        1.419
     6.700        3.430        1.422
     6.710        3.435        1.424
     6.720        3.439        1.426
     6.730        3.443        1.427
     6.740        3.448        1.429
     6.750        3.452        1.431
     6.760        3.458        1.434
     6.770        3.464        1.436
     6.780        3.469        1.439
     6.790        3.475        1.442
     6.800        3.479        1.445
     6.810        3.484        1.447
     6.820        3.487        1.448
     6.830        3.491        1.449
     6.840        3.496        1.452
     6.850        3.501        1.453
     6.860        3.506        1.456
     6.870        3.512        1.459
     6.880        3.517        1.461
     6.890        3.522        1.464
     6.900        3.527        1.466
     6.910        3.531        1.468
     6.920        3.534        1.469
     6.930        3.538        1.470
     6.940        3.543        1.472
     6.950        3.547        1.474
     6.960        3.553        1.477
     6.970        3.558        1.480
     6.980        3.564        1.483
     6.990        3.568        1.486
     7.000        3.572        1.488
     7.010        3.577        1.491
     7.020        3.580        1.492
     7.030        3.583        1.493
     7.040        3.587        1.496
     7.050        3.591        1.498
     7.060        3.597        1.501
     7.070        3.602        1.504
     7.080        3.607        1.506
     7.090        3.611        1.508
     7.100        3.616        1.511
     7.110        3.620        1.514
     7.120        3.623        1.515
     7.130        3.626        1.517
     7.140        3.630        1.519
     7.150        3.634        1.521
     7.160        3.640        1.524
     7.170        3.646        1.526
     7.180        3.652        1.529
     7.190        3.656        1.531
     7.200        3.661        1.534
     7.210        3.665        1.537
     7.220        3.668        1.538
     7.230        3.671        1.539
     7.240        3.675        1.541
     7.250        3.679        1.542
     7.260        3.685        1.545
     7.270        3.690        1.547
     7.280        3.696        1.549
     7.290        3.700        1.551
     7.300        3.704        1.553
     7.310        3.708        1.556
     7.320        3.711        1.557
     7.330        3.714        1.559
     7.340        3.718        1.561
     7.350        3.722        1.562
     7.360        3.727        1.564
     7.370        3.732        1.565
     7.380        3.737        1.568
     7.390        3.741        1.569
     7.400        3.745        1.572
     7.410        3.749        1.574
     7.420        3.751        1.575
     7.430        3.754        1.577
     7.440        3.758        1.579
     7.450        3.762        1.580
     7.460        3.767        1.582
     7.470        3.771        1.583
     7.480        3.776        1.585
     7.490        3.779        1.586
     7.500        3.783        1.588
     7.510        3.787        1.591
     7.520        3.789        1.592
     7.530        3.792        1.594
     7.540        3.796        1.596
     7.550        3.800        1.598
     7.560        3.805        1.600
     7.570        3.810        1.601
     7.580        3.815        1.604
     7.590        3.818        1.605
     7.600        3.823        1.607
     7.610        3.827        1.609
     7.620        3.829        1.611
     7.630        3.834        1.614
     7.640        3.838        1.616
     7.650        3.842        1.617
     7.660        3.847        1.619
     7.670        3.853        1.620
     7.680        3.858        1.623
     7.690        3.862        1.624
     7.700        3.867        1.627
     7.710        3.871        1.630
     7.720        3.874        1.632
     7.730        3.879        1.635
     7.740        3.883        1.637
     7.750        3.888        1.639
     7.760        3.893        1.641
     7.770        3.899        1.642
     7.780        3.904        1.644
     7.790        3.908        1.646
     7.800        3.913        1.648
     7.810        3.917        1.651
     7.820        3.919        1.653
     7.830        3.924        1.656
     7.840        3.928        1.659
     7.850        3.933        1.660
     7.860        3.938        1.662
     7.870        3.944        1.663
     7.880        3.949        1.665
     7.890        3.953        1.666
     7.900        3.958        1.669
     7.910        3.962        1.672
     7.920        3.965        1.673
     7.930        3.969        1.676
     7.940        3.974        1.678
     7.950        3.978        1.679
     7.960        3.983        1.681
     7.970        3.989        1.682
     7.980        3.994        1.684
     7.990        3.998        1.685
     8.000        4.002        1.687
     8.010        4.006        1.690
     8.020        4.009        1.691
     8.030        4.013        1.694
     8.040        4.017        1.696
     8.050        4.021        1.696
     8.060        4.026        1.698
     8.070        4.032        1.698
     8.080        4.037        1.700
     8.090        4.042        1.702
     8.100        4.046        1.704
     8.110        4.050        1.706
     8.120        4.052        1.707
     8.130        4.057        1.709
     8.140        4.061        1.711
     8.150        4.065        1.711
     8.160        4.070        1.713
     8.170        4.076        1.714
     8.180        4.081        1.716
     8.190        4.086        1.718
     8.200        4.091        1.720
     8.210        4.094        1.723
     8.220        4.097        1.724
     8.230        4.101        1.726
     8.240        4.106        1.728
     8.250        4.110        1.728
     8.260        4.115        1.728
     8.270        4.120        1.728
     8.280        4.126        1.730
     8.290        4.131        1.731
     8.300        4.135        1.733
     8.310        4.139        1.735
     8.320        4.141        1.736
     8.330        4.145        1.738
     8.340        4.150        1.740
     8.350        4.154        1.740
     8.360        4.158        1.741
     8.370        4.163        1.742
     8.380        4.169        1.743
     8.390        4.174        1.746
     8.400        4.179        1.748
     8.410        4.183        1.750
     8.420        4.186        1.751
     8.430        4.190        1.753
     8.440        4.194        1.755
     8.450        4.198        1.754
     8.460        4.203        1.756
     8.470        4.208        1.757
     8.480        4.214        1.759
     8.490        4.219        1.761
     8.500        4.223        1.763
     8.510        4.227        1.766
     8.520        4.229        1.766
     8.530        4.232        1.768
     8.540        4.236        1.769
     8.550        4.239        1.769
     8.560        4.243        1.770
     8.570        4.249        1.771
     8.580        4.254        1.772
     8.590        4.259        1.775
     8.600        4.264        1.777
     8.610        4.268        1.780
     8.620        4.270        1.781
     8.630        4.273        1.783
     8.640        4.278        1.786
     8.650        4.282        1.787
     8.660        4.286        1.788
     8.670        4.292        1.789
     8.680        4.298        1.792
     8.690        4.303        1.794
     8.700        4.307        1.796
     8.710        4.311        1.798
     8.720        4.314        1.800
     8.730        4.318        1.803
     8.740        4.323        1.806
     8.750        4.327        1.807
     8.760        4.332        1.809
     8.770        4.338        1.810
     8.780        4.343        1.813
     8.790        4.348        1.815
     8.800        4.353        1.817
     8.810        4.357        1.820
     8.820        4.359        1.821
     8.830        4.364        1.824
     8.840        4.368        1.827
     8.850        4.372        1.828
     8.860        4.377        1.829
     8.870        4.383        1.830
     8.880        4.388        1.832
     8.890        4.393        1.835
     8.900        4.398        1.837
     8.910        4.402        1.839
     8.920        4.404        1.841
     8.930        4.408        1.843
     8.940        4.412        1.846
     8.950        4.417        1.848
     8.960        4.421        1.849
     8.970        4.427        1.850
     8.980        4.432        1.852
     8.990        4.437        1.855
     9.000        4.442        1.857
     9.010        4.446        1.860
     9.020        4.448        1.861
     9.030        4.452        1.864
     9.040        4.456        1.866
     9.050        4.461        1.867
     9.060        4.465        1.868
     9.070        4.471        1.869
     9.080        4.476        1.871
     9.090        4.481        1.873
     9.100        4.485        1.875
     9.110        4.490        1.878
     9.120        4.491        1.878
     9.130        4.495        1.881
     9.140        4.500        1.884
     9.150        4.504        1.884
     9.160        4.508        1.885
     9.170        4.514        1.887
     9.180        4.519        1.888
     9.190        4.524        1.890
     9.200        4.528        1.892
     9.210        4.532        1.894
     9.220        4.534        1.896
     9.230        4.538        1.899
     9.240        4.543        1.902
     9.250        4.547        1.903
     9.260        4.552        1.904
     9.270        4.558        1.906
     9.280        4.563        1.907
     9.290        4.567        1.909
     9.300        4.572        1.911
     9.310        4.576        1.913
     9.320        4.578        1.914
     9.330        4.582        1.917
     9.340        4.587        1.920
     9.350        4.591        1.920
     9.360        4.596        1.921
     9.370        4.602        1.922
     9.380        4.607        1.923
     9.390        4.612        1.925
     9.400        4.616        1.926
     9.410        4.620        1.927
     9.420        4.622        1.927
     9.430        4.626        1.929
     9.440        4.631        1.932
     9.450        4.636        1.933
     9.460        4.640        1.934
     9.470        4.646        1.935
     9.480        4.651        1.936
     9.490        4.656        1.937
     9.500        4.660        1.938
     9.510        4.664        1.939
     9.520        4.666        1.939
     9.530        4.670        1.940
     9.540        4.675        1.942
     9.550        4.679        1.942
     9.560        4.684        1.943
     9.570        4.689        1.944
     9.580        4.695        1.945
     9.590        4.700        1.947
     9.600        4.704        1.948
     9.610        4.708        1.950
     9.620        4.710        1.950
     9.630        4.714        1.952
     9.640        4.719        1.954
     9.650        4.724        1.954
     9.660        4.728        1.954
     9.670        4.734        1.955
     9.680        4.740        1.957
     9.690        4.744        1.958
     9.700        4.748        1.960
     9.710        4.752        1.961
     9.720        4.754        1.962
     9.730        4.759        1.964
     9.740        4.764        1.966
     9.750        4.768        1.967
     9.760        4.774        1.968
     9.770        4.780        1.969
     9.780        4.785        1.971
     9.790        4.791        1.973
     9.800        4.795        1.974
     9.810        4.799        1.976
     9.820        4.801        1.976
     9.830        4.805        1.978
     9.840        4.810        1.980
     9.850        4.815        1.981
     9.860        4.820        1.981
     9.870        4.827        1.982
     9.880        4.832        1.983
     9.890        4.837        1.985
     9.900        4.842        1.986
     9.910        4.846        1.988
     9.920        4.848        1.988
     9.930        4.853        1.991
     9.940        4.858        1.993
     9.950        4.863        1.993
     9.960        4.868        1.994
     9.970        4.874        1.994
     9.980        4.879        1.996
     9.990        4.884        1.997
    10.000        4.887        1.998
    10.010        4.891        1.999
    10.020        4.893        1.999
    10.030        4.897        2.001
    10.040        4.902        2.003
    10.050        4.907        2.003
    10.060        4.912        2.004
    10.070        4.918        2.004
    10.080        4.923        2.006
    10.090        4.927        2.007
    10.100        4.931        2.008
    10.110        4.935        2.009
    10.120        4.937        2.009
    10.130        4.941        2.012
    10.140        4.946        2.014
    10.150        4.951        2.014
    10.160        4.956        2.014
    10.170        4.962        2.013
    10.180        4.967        2.015
    10.190        4.972        2.016
    10.200        4.975        2.016
    10.210        4.979        2.017
    10.220        4.981        2.017
    10.230        4.985        2.019
    10.240        4.990        2.020
    10.250        4.994        2.020
    10.260        4.999        2.019
    10.270        5.005        2.019
    10.280        5.010        2.020
    10.290        5.014        2.020
    10.300        5.018        2.021
    10.310        5.021        2.021
    10.320        5.023        2.021
    10.330        5.028        2.023
    10.340        5.032        2.025
    10.350        5.037        2.026
    10.360        5.043        2.026
    10.370        5.049        2.026
    10.380        5.054        2.028
    10.390        5.058        2.028
    10.400        5.062        2.029
    10.410        5.065        2.030
    10.420        5.067        2.030
    10.430        5.072        2.032
    10.440        5.076        2.034
    10.450        5.082        2.036
    10.460        5.087        2.036
    10.470        5.093        2.036
    10.480        5.098        2.038
    10.490        5.103        2.038
    10.500        5.106        2.039
    10.510        5.110        2.040
    10.520        5.112        2.041
    10.530        5.117        2.043
    10.540        5.122        2.045
    10.550        5.127        2.046
    10.560        5.132        2.046
    10.570        5.138        2.046
    10.580        5.143        2.046
    10.590        5.147        2.046
    10.600        5.150        2.046
    10.610        5.154        2.047
    10.620        5.156        2.047
    10.630        5.160        2.048
    10.640        5.165        2.050
    10.650        5.170        2.050
    10.660        5.175        2.050
    10.670        5.181        2.050
    10.680        5.186        2.051
    10.690        5.190        2.050
    10.700        5.194        2.050
    10.710        5.197        2.051
    10.720        5.200        2.050
    10.730        5.204        2.050
    10.740        5.209        2.051
    10.750        5.213        2.051
    10.760        5.219        2.050
    10.770        5.225        2.050
    10.780        5.230        2.051
    10.790        5.235        2.052
    10.800        5.239        2.052
    10.810        5.243        2.053
    10.820        5.246        2.052
    10.830        5.250        2.053
    10.840        5.255        2.054
    10.850        5.260        2.054
    10.860        5.265        2.054
    10.870        5.271        2.054
    10.880        5.277        2.054
    10.890        5.281        2.055
    10.900        5.286        2.056
    10.910        5.289        2.058
    10.920        5.292        2.059
    10.930        5.297        2.060
    10.940        5.301        2.062
    10.950        5.306        2.062
    10.960        5.311        2.062
    10.970        5.317        2.062
    10.980        5.321        2.063
    10.990        5.326        2.064
    11.000        5.330        2.064
    11.010        5.334        2.066
    11.020        5.337        2.067
    11.030        5.342        2.069
    11.040        5.347        2.071
    11.050        5.352        2.072
    11.060        5.357        2.072
    11.070        5.363        2.073
    11.080        5.368        2.074
    11.090        5.372        2.075
    11.100        5.376        2.076
    11.110        5.380        2.077
    11.120        5.383        2.078
    11.130        5.387        2.079
    11.140        5.393        2.082
    11.150        5.398        2.083
    11.160        5.403        2.084
    11.170        5.409        2.085
    11.180        5.414        2.086
    11.190        5.419        2.088
    11.200        5.423        2.089
    11.210        5.426        2.090
    11.220        5.429        2.091
    11.230        5.433        2.093
    11.240        5.438        2.096
    11.250        5.443        2.098
    11.260        5.448        2.098
    11.270        5.454        2.099
    11.280        5.459        2.101
    11.290        5.463        2.102
    11.300        5.467        2.103
    11.310        5.470        2.105
    11.320        5.473        2.105
    11.330        5.477        2.108
    11.340        5.483        2.111
    11.350        5.488        2.113
    11.360        5.493        2.113
    11.370        5.499        2.113
    11.380        5.504        2.113
    11.390        5.509        2.114
    11.400        5.513        2.115
    11.410        5.516        2.117
    11.420        5.518        2.117
    11.430        5.523        2.119
    11.440        5.528        2.122
    11.450        5.533        2.122
    11.460        5.538        2.122
    11.470        5.544        2.122
    11.480        5.549        2.123
    11.490        5.554        2.124
    11.500        5.558        2.124
    11.510        5.561        2.125
    11.520        5.564        2.124
    11.530        5.568        2.126
    11.540        5.572        2.128
    11.550        5.577        2.129
    11.560        5.582        2.129
    11.570        5.588        2.129
    11.580        5.593        2.130
    11.590        5.598        2.130
    11.600        5.602        2.131
    11.610        5.605        2.132
    11.620        5.608        2.132
    11.630        5.612        2.134
    11.640        5.616        2.134
    11.650        5.620        2.135
    11.660        5.625        2.135
    11.670        5.631        2.135
    11.680        5.636        2.137
    11.690        5.640        2.137
    11.700        5.644        2.138
    11.710        5.647        2.139
    11.720        5.649        2.137
    11.730        5.653        2.139
    11.740        5.657        2.141
    11.750        5.662        2.142
    11.760        5.667        2.142
    11.770        5.673        2.141
    11.780        5.678        2.143
    11.790        5.683        2.144
    11.800        5.687        2.145
    11.810        5.690        2.146
    11.820        5.691        2.144
    11.830        5.695        2.145
    11.840        5.700        2.146
    11.850        5.705        2.147
    11.860        5.709        2.146
    11.870        5.715        2.145
    11.880        5.721        2.146
    11.890        5.725        2.147
    11.900        5.729        2.148
    11.910        5.732        2.149
    11.920        5.733        2.148
    11.930        5.737        2.149
    11.940        5.742        2.151
    11.950        5.746        2.151
    11.960        5.751        2.150
    11.970        5.758        2.150
    11.980        5.763        2.151
    11.990        5.768        2.152
    12.000        5.771        2.153
    12.010        5.775        2.154
    12.020        5.777        2.153
    12.030        5.781        2.155
    12.040        5.786        2.156
    12.050        5.791        2.157
    12.060        5.796        2.157
    12.070        5.803        2.157
    12.080        5.808        2.158
    12.090        5.813        2.159
    12.100        5.817        2.161
    12.110        5.820        2.161
    12.120        5.822        2.160
    12.130        5.826        2.162
    12.140        5.832        2.163
    12.150        5.837        2.164
    12.160        5.842        2.164
    12.170        5.848        2.165
    12.180        5.855        2.167
    12.190        5.860        2.169
    12.200        5.864        2.171
    12.210        5.868        2.172
    12.220        5.870        2.171
    12.230        5.874        2.172
    12.240        5.880        2.173
    12.250        5.886        2.175
    12.260        5.891        2.175
    12.270        5.897        2.175
    12.280        5.904        2.177
    12.290        5.909        2.177
    12.300        5.913        2.178
    12.310        5.917        2.179
    12.320        5.919        2.176
    12.330        5.924        2.177
    12.340        5.930        2.178
    12.350        5.936        2.179
    12.360        5.941        2.179
    12.370        5.948        2.179
    12.380        5.955        2.182
    12.390        5.960        2.183
    12.400        5.964        2.184
    12.410        5.968        2.185
    12.420        5.970        2.184
    12.430        5.976        2.186
    12.440        5.981        2.188
    12.450        5.986        2.189
    12.460        5.992        2.189
    12.470        5.998        2.189
    12.480        6.004        2.191
    12.490        6.010        2.192
    12.500        6.014        2.193
    12.510        6.017        2.195
    12.520        6.019        2.193
    12.530        6.024        2.195
    12.540        6.029        2.196
    12.550        6.034        2.197
    12.560        6.039        2.197
    12.570        6.045        2.197
    12.580        6.051        2.199
    12.590        6.057        2.200
    12.600        6.060        2.200
    12.610        6.064        2.201
    12.620        6.066        2.199
    12.630        6.071        2.200
    12.640        6.076        2.201
    12.650        6.081        2.202
    12.660        6.086        2.202
    12.670        6.092        2.203
    12.680        6.098        2.204
    12.690        6.103        2.205
    12.700        6.107        2.205
    12.710        6.110        2.205
    12.720        6.113        2.203
    12.730        6.118        2.205
    12.740        6.124        2.206
    12.750        6.130        2.206
    12.760        6.135        2.206
    12.770        6.141        2.205
    12.780        6.147        2.206
    12.790        6.152        2.208
    12.800        6.156        2.209
    12.810        6.160        2.209
    12.820        6.162        2.208
    12.830        6.167        2.209
    12.840        6.172        2.210
    12.850        6.178        2.210
    12.860        6.182        2.210
    12.870        6.189        2.210
    12.880        6.194        2.211
    12.890        6.199        2.212
    12.900        6.204        2.213
    12.910        6.208        2.214
    12.920        6.210        2.213
    12.930        6.216        2.214
    12.940        6.221        2.215
    12.950        6.227        2.216
    12.960        6.232        2.215
    12.970        6.238        2.215
    12.980        6.243        2.217
    12.990        6.248        2.219
    13.000        6.253        2.219
    13.010        6.257        2.220
    13.020        6.260        2.219
    13.030        6.266        2.219
    13.040        6.271        2.219
    13.050        6.276        2.219
    13.060        6.282        2.219
    13.070        6.288        2.219
    13.080        6.294        2.220
    13.090        6.299        2.221
    13.100        6.303        2.223
    13.110        6.308        2.224
    13.120        6.310        2.223
    13.130        6.317        2.225
    13.140        6.322        2.226
    13.150        6.328        2.226
    13.160        6.334        2.226
    13.170        6.340        2.225
    13.180        6.345        2.226
    13.190        6.351        2.227
    13.200        6.355        2.228
    13.210        6.360        2.229
    13.220        6.362        2.228
    13.230        6.368        2.229
    13.240        6.373        2.229
    13.250        6.378        2.229
    13.260        6.384        2.229
    13.270        6.390        2.228
    13.280        6.395        2.228
    13.290        6.400        2.229
    13.300        6.405        2.230
    13.310        6.409        2.231
    13.320        6.413        2.231
    13.330        6.419        2.232
    13.340        6.424        2.233
    13.350        6.430        2.234
    13.360        6.435        2.234
    13.370        6.441        2.233
    13.380        6.446        2.233
    13.390        6.452        2.234
    13.400        6.456        2.234
    13.410        6.461        2.233
    13.420        6.464        2.232
    13.430        6.470        2.233
    13.440        6.475        2.234
    13.450        6.481        2.235
    13.460        6.487        2.235
    13.470        6.492        2.234
    13.480        6.497        2.234
    13.490        6.502        2.235
    13.500        6.507        2.235
    13.510        6.511        2.235
    13.520        6.513        2.234
    13.530        6.519        2.236
    13.540        6.523        2.237
    13.550        6.529        2.238
    13.560        6.535        2.239
    13.570        6.541        2.239
    13.580        6.546        2.240
    13.590        6.551        2.241
    13.600        6.555        2.241
    13.610        6.560        2.242
    13.620        6.562        2.240
    13.630        6.568        2.242
    13.640        6.572        2.242
    13.650        6.578        2.244
    13.660        6.584        2.245
    13.670        6.590        2.244
    13.680        6.596        2.246
    13.690        6.601        2.248
    13.700        6.606        2.248
    13.710        6.610        2.248
    13.720        6.613        2.247
    13.730        6.619        2.249
    13.740        6.623        2.249
    13.750        6.629        2.249
    13.760        6.635        2.249
    13.770        6.641        2.249
    13.780        6.647        2.250
    13.790        6.652        2.251
    13.800        6.657        2.252
    13.810        6.662        2.253
    13.820        6.665        2.252
    13.830        6.671        2.254
    13.840        6.676        2.255
    13.850        6.682        2.255
    13.860        6.687        2.255
    13.870        6.693        2.254
    13.880        6.698        2.255
    13.890        6.703        2.255
    13.900        6.706        2.255
    13.910        6.710        2.255
    13.920        6.713        2.254
    13.930        6.719        2.256
    13.940        6.723        2.256
    13.950        6.729        2.256
    13.960        6.734        2.256
    13.970        6.741        2.255
    13.980        6.745        2.256
    13.990        6.750        2.256
    14.000        6.753        2.257
    14.010        6.757        2.257
    14.020        6.759        2.255
    14.030        6.765        2.257
    14.040        6.769        2.258
    14.050        6.775        2.260
    14.060        6.781        2.260
    14.070        6.787        2.260
    14.080        6.792        2.261
    14.090        6.797        2.261
    14.100        6.800        2.262
    14.110        6.803        2.261
    14.120        6.805        2.259
    14.130        6.810        2.260
    14.140        6.814        2.261
    14.150        6.819        2.262
    14.160        6.824        2.262
    14.170        6.830        2.262
    14.180        6.835        2.262
    14.190        6.840        2.262
    14.200        6.843        2.262
    14.210        6.846        2.262
    14.220        6.847        2.260
    14.230        6.852        2.261
    14.240        6.857        2.262
    14.250        6.861        2.262
    14.260        6.866        2.262
    14.270        6.872        2.261
    14.280        6.877        2.262
    14.290        6.882        2.262
    14.300        6.884        2.262
    14.310        6.888        2.262
    14.320        6.889        2.260
    14.330        6.895        2.263
    14.340        6.900        2.263
    14.350        6.905        2.265
    14.360        6.910        2.265
    14.370        6.916        2.265
    14.380        6.920        2.266
    14.390        6.925        2.266
    14.400        6.929        2.267
    14.410        6.932        2.267
    14.420        6.934        2.265
    14.430        6.940        2.268
    14.440        6.945        2.268
    14.450        6.950        2.269
    14.460        6.955        2.270
    14.470        6.960        2.269
    14.480        6.965        2.270
    14.490        6.969        2.271
    14.500        6.973        2.271
    14.510        6.976        2.270
    14.520        6.978        2.269
    14.530        6.984        2.271
    14.540        6.989        2.273
    14.550        6.994        2.274
    14.560        6.999        2.275
    14.570        7.004        2.274
    14.580        7.008        2.275
    14.590        7.014        2.276
    14.600        7.018        2.277
    14.610        7.022        2.279
    14.620        7.024        2.277
    14.630        7.030        2.280
    14.640        7.035        2.282
    14.650        7.041        2.285
    14.660        7.047        2.287
    14.670        7.052        2.287
    14.680        7.057        2.289
    14.690        7.062        2.290
    14.700        7.067        2.292
    14.710        7.072        2.294
    14.720        7.074        2.294
    14.730        7.081        2.297
    14.740        7.086        2.299
    14.750        7.092        2.301
    14.760        7.097        2.302
    14.770        7.103        2.303
    14.780        7.107        2.304
    14.790        7.112        2.305
    14.800        7.117        2.307
    14.810        7.121        2.309
    14.820        7.124        2.309
    14.830        7.130        2.311
    14.840        7.134        2.313
    14.850        7.140        2.315
    14.860        7.145        2.316
    14.870        7.150        2.316
    14.880        7.155        2.317
    14.890        7.160        2.318
    14.900        7.163        2.318
    14.910        7.168        2.319
    14.920        7.170        2.318
    14.930        7.176        2.319
    14.940        7.180        2.320
    14.950        7.185        2.321
    14.960        7.190        2.320
    14.970        7.195        2.319
    14.980        7.200        2.319
    14.990        7.204        2.317
    15.000        7.208        2.317
    15.010        7.212        2.316
    15.020        7.215        2.316
    15.030        7.221        2.317
    15.040        7.225        2.319
    15.050        7.231        2.320
    15.060        7.236        2.320
    15.070        7.243        2.320
    15.080        7.248        2.321
    15.090        7.253        2.320
    15.100        7.256        2.320
    15.110        7.261        2.321
    15.120        7.264        2.321
    15.130        7.270        2.322
    15.140        7.275        2.324
    15.150        7.280        2.326
    15.160        7.286        2.326
    15.170        7.292        2.326
    15.180        7.297        2.326
    15.190        7.303        2.326
    15.200        7.307        2.326
    15.210        7.311        2.326
    15.220        7.314        2.326
    15.230        7.321        2.327
    15.240        7.326        2.329
    15.250        7.332        2.330
    15.260        7.338        2.330
    15.270        7.344        2.329
    15.280        7.349        2.330
    15.290        7.355        2.331
    15.300        7.360        2.332
    15.310        7.364        2.333
    15.320        7.367        2.333
    15.330        7.374        2.333
    15.340        7.379        2.335
    15.350        7.385        2.335
    15.360        7.390        2.335
    15.370        7.396        2.335
    15.380        7.401        2.336
    15.390        7.406        2.337
    15.400        7.410        2.337
    15.410        7.414        2.338
    15.420        7.417        2.338
    15.430        7.423        2.340
    15.440        7.428        2.342
    15.450        7.434        2.344
    15.460        7.439        2.344
    15.470        7.445        2.345
    15.480        7.450        2.347
    15.490        7.455        2.348
    15.500        7.459        2.349
    15.510        7.463        2.350
    15.520        7.466        2.350
    15.530        7.472        2.353
    15.540        7.478        2.355
    15.550        7.484        2.357
    15.560        7.490        2.360
    15.570        7.497        2.362
    15.580        7.502        2.365
    15.590        7.508        2.367
    15.600        7.512        2.368
    15.610        7.515        2.370
    15.620        7.518        2.370
    15.630        7.523        2.372
    15.640        7.528        2.374
    15.650        7.533        2.375
    15.660        7.539        2.375
    15.670        7.544        2.375
    15.680        7.549        2.377
    15.690        7.555        2.379
    15.700        7.560        2.380
    15.710        7.563        2.382
    15.720        7.566        2.382
    15.730        7.572        2.384
    15.740        7.577        2.387
    15.750        7.583        2.388
    15.760        7.588        2.388
    15.770        7.594        2.387
    15.780        7.599        2.388
    15.790        7.604        2.389
    15.800        7.608        2.388
    15.810        7.611        2.389
    15.820        7.614        2.389
    15.830        7.620        2.391
    15.840        7.626        2.394
    15.850        7.632        2.395
    15.860        7.638        2.396
    15.870        7.644        2.396
    15.880        7.649        2.396
    15.890        7.655        2.396
    15.900        7.660        2.396
    15.910        7.663        2.396
    15.920        7.666        2.395
    15.930        7.672        2.397
    15.940        7.677        2.399
    15.950        7.684        2.399
    15.960        7.690        2.399
    15.970        7.696        2.399
    15.980        7.701        2.400
    15.990        7.707        2.402
    16.000        7.712        2.402
    16.010        7.715        2.403
    16.020        7.717        2.402
    16.030        7.724        2.403
    16.040        7.728        2.405
    16.050        7.734        2.406
    16.060        7.740        2.407
    16.070        7.747        2.407
    16.080        7.751        2.409
    16.090        7.757        2.410
    16.100        7.761        2.411
    16.110        7.765        2.413
    16.120        7.768        2.412
    16.130        7.775        2.414
    16.140        7.779        2.416
    16.150        7.785        2.416
    16.160        7.791        2.416
    16.170        7.798        2.415
    16.180        7.802        2.416
    16.190        7.808        2.418
    16.200        7.812        2.419
    16.210        7.815        2.419
    16.220        7.817        2.419
    16.230        7.822        2.419
    16.240        7.826        2.420
    16.250        7.831        2.421
    16.260        7.837        2.421
    16.270        7.843        2.421
    16.280        7.848        2.423
    16.290        7.853        2.425
    16.300        7.857        2.426
    16.310        7.861        2.427
    16.320        7.864        2.427
    16.330        7.870        2.428
    16.340        7.874        2.429
    16.350        7.880        2.431
    16.360        7.885        2.431
    16.370        7.891        2.430
    16.380        7.895        2.430
    16.390        7.900        2.431
    16.400        7.905        2.431
    16.410        7.909        2.432
    16.420        7.912        2.432
    16.430        7.918        2.432
    16.440        7.923        2.434
    16.450        7.929        2.436
    16.460        7.934        2.436
    16.470        7.940        2.436
    16.480        7.945        2.436
    16.490        7.950        2.437
    16.500        7.954        2.437
    16.510        7.957        2.437
    16.520        7.961        2.437
    16.530        7.967        2.439
    16.540        7.972        2.441
    16.550        7.978        2.443
    16.560        7.983        2.443
    16.570        7.988        2.443
    16.580        7.992        2.443
    16.590        7.997        2.442
    16.600        8.000        2.441
    16.610        8.002        2.441
    16.620        8.005        2.442
    16.630        8.012        2.444
    16.640        8.017        2.446
    16.650        8.023        2.447
    16.660        8.029        2.447
    16.670        8.035        2.446
    16.680        8.039        2.446
    16.690        8.044        2.445
    16.700        8.047        2.444
    16.710        8.050        2.444
    16.720        8.053        2.445
    16.730        8.059        2.446
    16.740        8.063        2.447
    16.750        8.069        2.449
    16.760        8.075        2.449
    16.770        8.081        2.448
    16.780        8.085        2.448
    16.790        8.090        2.447
    16.800        8.094        2.446
    16.810        8.097        2.446
    16.820        8.100        2.446
    16.830        8.107        2.448
    16.840        8.111        2.449
    16.850        8.116        2.450
    16.860        8.122        2.450
    16.870        8.127        2.451
    16.880        8.131        2.451
    16.890        8.136        2.451
    16.900        8.139        2.450
    16.910        8.142        2.450
    16.920        8.145        2.450
    16.930        8.151        2.451
    16.940        8.156        2.451
    16.950        8.162        2.453
    16.960        8.168        2.455
    16.970        8.175        2.455
    16.980        8.179        2.456
    16.990        8.184        2.457
    17.000        8.188        2.458
    17.010        8.192        2.458
    17.020        8.196        2.460
    17.030        8.202        2.461
    17.040        8.206        2.462
    17.050        8.213        2.464
    17.060        8.219        2.465
    17.070        8.226        2.466
    17.080        8.231        2.467
    17.090        8.236        2.469
    17.100        8.240        2.469
    17.110        8.243        2.469
    17.120        8.247        2.469
    17.130        8.254        2.470
    17.140        8.258        2.471
    17.150        8.265        2.473
    17.160        8.271        2.473
    17.170        8.278        2.473
    17.180        8.283        2.475
    17.190        8.289        2.477
    17.200        8.293        2.478
    17.210        8.297        2.480
    17.220        8.302        2.480
    17.230        8.308        2.482
    17.240        8.312        2.484
    17.250        8.317        2.485
    17.260        8.323        2.486
    17.270        8.329        2.486
    17.280        8.333        2.488
    17.290        8.339        2.489
    17.300        8.343        2.490
    17.310        8.346        2.491
    17.320        8.350        2.491
    17.330        8.357        2.493
    17.340        8.361        2.494
    17.350        8.365        2.494
    17.360        8.370        2.495
    17.370        8.376        2.495
    17.380        8.380        2.496
    17.390        8.385        2.498
    17.400        8.389        2.499
    17.410        8.393        2.501
    17.420        8.398        2.502
    17.430        8.405        2.505
    17.440        8.409        2.507
    17.450        8.414        2.509
    17.460        8.419        2.510
    17.470        8.425        2.510
    17.480        8.429        2.510
    17.490        8.433        2.511
    17.500        8.437        2.512
    17.510        8.440        2.511
    17.520        8.444        2.512
    17.530        8.450        2.513
    17.540        8.454        2.514
    17.550        8.459        2.515
    17.560        8.464        2.514
    17.570        8.469        2.512
    17.580        8.473        2.511
    17.590        8.478        2.511
    17.600        8.480        2.510
    17.610        8.484        2.510
    17.620        8.487        2.509
    17.630        8.493        2.510
    17.640        8.497        2.511
    17.650        8.503        2.512
    17.660        8.508        2.512
    17.670        8.515        2.510
    17.680        8.519        2.510
    17.690        8.523        2.510
    17.700        8.527        2.510
    17.710        8.530        2.511
    17.720        8.535        2.513
    17.730        8.541        2.515
    17.740        8.545        2.516
    17.750        8.549        2.516
    17.760        8.554        2.515
    17.770        8.559        2.513
    17.780        8.562        2.512
    17.790        8.566        2.512
    17.800        8.569        2.512
    17.810        8.572        2.514
    17.820        8.577        2.516
    17.830        8.584        2.519
    17.840        8.589        2.521
    17.850        8.594        2.523
    17.860        8.599        2.524
    17.870        8.606        2.524
    17.880        8.610        2.524
    17.890        8.615        2.525
    17.900        8.619        2.525
    17.910        8.623        2.526
    17.920        8.626        2.527
    17.930        8.633        2.529
    17.940        8.638        2.531
    17.950        8.643        2.533
    17.960        8.648        2.533
    17.970        8.655        2.533
    17.980        8.660        2.534
    17.990        8.665        2.536
    18.000        8.668        2.537
    18.010        8.672        2.538
    18.020        8.675        2.539
    18.030        8.682        2.543
    18.040        8.687        2.545
    18.050        8.692        2.547
    18.060        8.697        2.548
    18.070        8.704        2.548
    18.080        8.708        2.549
    18.090        8.713        2.551
    18.100        8.718        2.552
    18.110        8.722        2.554
    18.120        8.725        2.555
    18.130        8.732        2.558
    18.140        8.736        2.560
    18.150        8.741        2.561
    18.160        8.744        2.562
    18.170        8.752        2.563
    18.180        8.756        2.564
    18.190        8.761        2.567
    18.200        8.765        2.568
    18.210        8.769        2.570
    18.220        8.772        2.572
    18.230        8.779        2.576
    18.240        8.784        2.578
    18.250        8.788        2.581
    18.260        8.792        2.583
    18.270        8.798        2.583
    18.280        8.802        2.585
    18.290        8.807        2.586
    18.300        8.811        2.587
    18.310        8.814        2.588
    18.320        8.816        2.588
    18.330        8.822        2.590
    18.340        8.827        2.593
    18.350        8.832        2.594
    18.360        8.836        2.596
    18.370        8.842        2.596
    18.380        8.846        2.596
    18.390        8.850        2.598
    18.400        8.853        2.597
    18.410        8.855        2.597
    18.420        8.856        2.596
    18.430        8.862        2.598
    18.440        8.866        2.600
    18.450        8.871        2.601
    18.460        8.875        2.603
    18.470        8.881        2.603
    18.480        8.885        2.603
    18.490        8.889        2.603
    18.500        8.891        2.603
    18.510        8.894        2.602
    18.520        8.896        2.602
    18.530        8.901        2.604
    18.540        8.905        2.605
    18.550        8.909        2.606
    18.560        8.914        2.607
    18.570        8.920        2.608
    18.580        8.924        2.607
    18.590        8.928        2.608
    18.600        8.930        2.607
    18.610        8.933        2.606
    18.620        8.935        2.605
    18.630        8.941        2.606
    18.640        8.944        2.606
    18.650        8.947        2.606
    18.660        8.950        2.607
    18.670        8.955        2.607
    18.680        8.958        2.606
    18.690        8.961        2.606
    18.700        8.964        2.606
    18.710        8.967        2.604
    18.720        8.970        2.604
    18.730        8.975        2.604
    18.740        8.979        2.603
    18.750        8.983        2.605
    18.760        8.986        2.605
    18.770        8.992        2.606
    18.780        8.995        2.605
    18.790        8.998        2.605
    18.800        9.000        2.605
    18.810        9.003        2.604
    18.820        9.006        2.604
    18.830        9.012        2.604
    18.840        9.016        2.605
    18.850        9.020        2.607
    18.860        9.023        2.608
    18.870        9.029        2.608
    18.880        9.033        2.608
    18.890        9.037        2.609
    18.900        9.040        2.608
    18.910        9.044        2.608
    18.920        9.047        2.609
    18.930        9.053        2.610
    18.940        9.057        2.611
    18.950        9.061        2.613
    18.960        9.065        2.615
    18.970        9.071        2.617
    18.980        9.075        2.618
    18.990        9.079        2.619
    19.000        9.082        2.620
    19.010        9.085        2.620
    19.020        9.088        2.620
    19.030        9.093        2.621
    19.040        9.097        2.622
    19.050        9.101        2.624
    19.060        9.104        2.625
    19.070        9.110        2.625
    19.080        9.113        2.624
    19.090        9.116        2.624
    19.100        9.119        2.624
    19.110        9.122        2.624
    19.120        9.124        2.625
    19.130        9.130        2.626
    19.140        9.133        2.626
    19.150        9.136        2.627
    19.160        9.140        2.628
    19.170        9.145        2.629
    19.180        9.148        2.629
    19.190        9.152        2.629
    19.200        9.155        2.630
    19.210        9.158        2.631
    19.220        9.160        2.630
    19.230        9.165        2.631
    19.240        9.169        2.631
    19.250        9.171        2.632
    19.260        9.175        2.634
    19.270        9.182        2.636
    19.280        9.185        2.636
    19.290        9.189        2.636
    19.300        9.191        2.637
    19.310        9.194        2.638
    19.320        9.196        2.638
    19.330        9.201        2.639
    19.340        9.205        2.640
    19.350        9.209        2.642
    19.360        9.214        2.645
    19.370        9.221        2.647
    19.380        9.224        2.648
    19.390        9.229        2.649
    19.400        9.232        2.650
    19.410        9.236        2.651
    19.420        9.239        2.652
    19.430        9.244        2.653
    19.440        9.248        2.652
    19.450        9.251        2.653
    19.460        9.254        2.655
    19.470        9.260        2.656
    19.480        9.264        2.657
    19.490        9.269        2.659
    19.500        9.272        2.661
    19.510        9.275        2.662
    19.520        9.278        2.663
    19.530        9.282        2.664
    19.540        9.285        2.665
    19.550        9.288        2.666
    19.560        9.291        2.668
    19.570        9.297        2.670
    19.580        9.301        2.671
    19.590        9.306        2.673
    19.600        9.310        2.674
    19.610        9.313        2.676
    19.620        9.315        2.677
    19.630        9.320        2.678
    19.640        9.323        2.678
    19.650        9.325        2.680
    19.660        9.329        2.683
    19.670        9.336        2.686
    19.680        9.340        2.687
    19.690        9.344        2.689
    19.700        9.347        2.690
    19.710        9.351        2.691
    19.720        9.353        2.691
    19.730        9.357        2.692
    19.740        9.361        2.691
    19.750        9.363        2.692
    19.760        9.367        2.696
    19.770        9.374        2.699
    19.780        9.377        2.701
    19.790        9.382        2.703
    19.800        9.386        2.705
    19.810        9.389        2.706
    19.820        9.392        2.707
    19.830        9.395        2.708
    19.840        9.398        2.706
    19.850        9.401        2.707
    19.860        9.405        2.710
    19.870        9.412        2.712
    19.880        9.415        2.714
    19.890        9.421        2.715
    19.900        9.425        2.717
    19.910        9.429        2.718
    19.920        9.432        2.719
    19.930        9.437        2.720
    19.940        9.441        2.720
    19.950        9.445        2.721
    19.960        9.449        2.724
    19.970        9.455        2.725
    19.980        9.458        2.726
    19.990        9.463        2.726
    20.000        9.466        2.727
