#  Time (ps)      TCF          STD
     0.000        1.000        0.000
     0.010        0.984        0.062
     0.020        0.960        0.093
     0.030        0.935        0.111
     0.040        0.887        0.142
     0.050        0.863        0.142
     0.060        0.839        0.165
     0.070        0.806        0.179
     0.080        0.782        0.191
     0.090        0.758        0.188
     0.100        0.750        0.204
     0.110        0.774        0.218
     0.120        0.766        0.223
     0.130        0.758        0.219
     0.140        0.734        0.223
     0.150        0.726        0.218
     0.160        0.734        0.213
     0.170        0.726        0.227
     0.180        0.710        0.225
     0.190        0.718        0.221
     0.200        0.718        0.212
     0.210        0.726        0.227
     0.220        0.702        0.218
     0.230        0.694        0.256
     0.240        0.694        0.248
     0.250        0.702        0.236
     0.260        0.702        0.245
     0.270        0.661        0.278
     0.280        0.661        0.278
     0.290        0.637        0.288
     0.300        0.645        0.294
     0.310        0.645        0.280
     0.320        0.669        0.269
     0.330        0.677        0.268
     0.340        0.653        0.264
     0.350        0.629        0.265
     0.360        0.629        0.273
     0.370        0.645        0.280
     0.380        0.653        0.279
     0.390        0.669        0.284
     0.400        0.637        0.280
     0.410        0.637        0.280
     0.420        0.621        0.288
     0.430        0.621        0.280
     0.440        0.581        0.291
     0.450        0.573        0.283
     0.460        0.573        0.283
     0.470        0.589        0.293
     0.480        0.556        0.279
     0.490        0.556        0.272
     0.500        0.565        0.274
     0.510        0.556        0.272
     0.520        0.556        0.272
     0.530        0.556        0.272
     0.540        0.556        0.272
     0.550        0.589        0.278
     0.560        0.597        0.247
     0.570        0.597        0.247
     0.580        0.597        0.264
     0.590        0.605        0.248
     0.600        0.589        0.238
     0.610        0.581        0.245
     0.620        0.573        0.260
     0.630        0.565        0.266
     0.640        0.565        0.258
     0.650        0.565        0.274
     0.660        0.565        0.281
     0.670        0.573        0.275
     0.680        0.581        0.269
     0.690        0.589        0.270
     0.700        0.589        0.270
     0.710        0.597        0.271
     0.720        0.589        0.255
     0.730        0.589        0.255
     0.740        0.589        0.278
     0.750        0.589        0.285
     0.760        0.581        0.277
     0.770        0.581        0.291
     0.780        0.573        0.290
     0.790        0.581        0.299
     0.800        0.573        0.304
     0.810        0.565        0.281
     0.820        0.540        0.289
     0.830        0.532        0.301
     0.840        0.540        0.296
     0.850        0.540        0.296
     0.860        0.540        0.296
     0.870        0.516        0.281
     0.880        0.524        0.284
     0.890        0.532        0.287
     0.900        0.532        0.287
     0.910        0.500        0.266
     0.920        0.484        0.266
     0.930        0.492        0.270
     0.940        0.500        0.274
     0.950        0.484        0.266
     0.960        0.468        0.256
     0.970        0.476        0.245
     0.980        0.476        0.245
     0.990        0.484        0.249
     1.000        0.484        0.249
     1.010        0.484        0.249
     1.020        0.468        0.256
     1.030        0.468        0.248
     1.040        0.468        0.248
     1.050        0.444        0.256
     1.060        0.452        0.253
     1.070        0.444        0.264
     1.080        0.419        0.269
     1.090        0.427        0.260
     1.100        0.435        0.266
     1.110        0.419        0.261
     1.120        0.411        0.270
     1.130        0.419        0.277
     1.140        0.427        0.283
     1.150        0.435        0.274
     1.160        0.435        0.266
     1.170        0.427        0.252
     1.180        0.427        0.234
     1.190        0.411        0.229
     1.200        0.411        0.229
     1.210        0.427        0.234
     1.220        0.419        0.236
     1.230        0.419        0.253
     1.240        0.444        0.248
     1.250        0.444        0.248
     1.260        0.419        0.245
     1.270        0.427        0.225
     1.280        0.419        0.208
     1.290        0.403        0.221
     1.300        0.427        0.206
     1.310        0.419        0.227
     1.320        0.403        0.221
     1.330        0.419        0.227
     1.340        0.403        0.239
     1.350        0.387        0.231
     1.360        0.395        0.231
     1.370        0.403        0.239
     1.380        0.411        0.238
     1.390        0.403        0.230
     1.400        0.395        0.248
     1.410        0.395        0.231
     1.420        0.403        0.230
     1.430        0.411        0.238
     1.440        0.427        0.234
     1.450        0.427        0.252
     1.460        0.427        0.252
     1.470        0.427        0.243
     1.480        0.419        0.236
     1.490        0.427        0.243
     1.500        0.435        0.241
     1.510        0.411        0.238
     1.520        0.403        0.230
     1.530        0.411        0.238
     1.540        0.403        0.239
     1.550        0.403        0.221
     1.560        0.411        0.238
     1.570        0.411        0.238
     1.580        0.419        0.236
     1.590        0.411        0.229
     1.600        0.411        0.229
     1.610        0.419        0.245
     1.620        0.427        0.216
     1.630        0.435        0.214
     1.640        0.452        0.218
     1.650        0.435        0.223
     1.660        0.444        0.230
     1.670        0.427        0.225
     1.680        0.411        0.238
     1.690        0.411        0.238
     1.700        0.387        0.231
     1.710        0.371        0.232
     1.720        0.379        0.232
     1.730        0.387        0.222
     1.740        0.379        0.240
     1.750        0.371        0.240
     1.760        0.339        0.219
     1.770        0.347        0.230
     1.780        0.347        0.211
     1.790        0.347        0.211
     1.800        0.347        0.201
     1.810        0.339        0.199
     1.820        0.339        0.229
     1.830        0.347        0.239
     1.840        0.331        0.245
     1.850        0.339        0.219
     1.860        0.339        0.238
     1.870        0.339        0.238
     1.880        0.331        0.236
     1.890        0.347        0.239
     1.900        0.323        0.225
     1.910        0.339        0.229
     1.920        0.323        0.225
     1.930        0.323        0.225
     1.940        0.339        0.219
     1.950        0.339        0.210
     1.960        0.339        0.210
     1.970        0.323        0.206
     1.980        0.339        0.210
     1.990        0.347        0.221
     2.000        0.339        0.229
     2.010        0.339        0.229
     2.020        0.355        0.212
     2.030        0.347        0.190
     2.040        0.331        0.198
     2.050        0.331        0.198
     2.060        0.331        0.198
     2.070        0.339        0.210
     2.080        0.323        0.206
     2.090        0.323        0.206
     2.100        0.331        0.208
     2.110        0.331        0.198
     2.120        0.331        0.198
     2.130        0.355        0.202
     2.140        0.363        0.192
     2.150        0.363        0.192
     2.160        0.355        0.191
     2.170        0.347        0.179
     2.180        0.323        0.185
     2.190        0.331        0.198
     2.200        0.339        0.199
     2.210        0.331        0.208
     2.220        0.331        0.208
     2.230        0.331        0.198
     2.240        0.331        0.208
     2.250        0.331        0.236
     2.260        0.323        0.234
     2.270        0.315        0.232
     2.280        0.315        0.214
     2.290        0.315        0.214
     2.300        0.315        0.214
     2.310        0.290        0.195
     2.320        0.306        0.211
     2.330        0.298        0.218
     2.340        0.306        0.211
     2.350        0.298        0.208
     2.360        0.298        0.198
     2.370        0.290        0.195
     2.380        0.298        0.227
     2.390        0.306        0.221
     2.400        0.315        0.214
     2.410        0.323        0.206
     2.420        0.323        0.206
     2.430        0.323        0.206
     2.440        0.323        0.225
     2.450        0.331        0.227
     2.460        0.323        0.225
     2.470        0.331        0.236
     2.480        0.347        0.239
     2.490        0.347        0.239
     2.500        0.355        0.231
     2.510        0.355        0.231
     2.520        0.363        0.231
     2.530        0.371        0.249
     2.540        0.363        0.257
     2.550        0.371        0.257
     2.560        0.387        0.265
     2.570        0.395        0.264
     2.580        0.395        0.264
     2.590        0.411        0.270
     2.600        0.411        0.263
     2.610        0.387        0.249
     2.620        0.379        0.232
     2.630        0.371        0.240
     2.640        0.371        0.240
     2.650        0.379        0.249
     2.660        0.379        0.240
     2.670        0.387        0.240
     2.680        0.387        0.240
     2.690        0.403        0.230
     2.700        0.395        0.231
     2.710        0.395        0.231
     2.720        0.395        0.231
     2.730        0.387        0.231
     2.740        0.363        0.222
     2.750        0.371        0.222
     2.760        0.387        0.240
     2.770        0.387        0.240
     2.780        0.403        0.247
     2.790        0.403        0.271
     2.800        0.387        0.265
     2.810        0.371        0.240
     2.820        0.371        0.232
     2.830        0.371        0.232
     2.840        0.363        0.240
     2.850        0.395        0.240
     2.860        0.387        0.249
     2.870        0.387        0.249
     2.880        0.379        0.249
     2.890        0.371        0.257
     2.900        0.387        0.257
     2.910        0.387        0.257
     2.920        0.387        0.280
     2.930        0.387        0.273
     2.940        0.387        0.273
     2.950        0.419        0.284
     2.960        0.411        0.293
     2.970        0.403        0.294
     2.980        0.387        0.288
     2.990        0.403        0.286
     3.000        0.403        0.286
     3.010        0.403        0.294
     3.020        0.387        0.288
     3.030        0.371        0.288
     3.040        0.355        0.294
     3.050        0.355        0.294
     3.060        0.331        0.284
     3.070        0.331        0.284
     3.080        0.323        0.297
     3.090        0.323        0.268
     3.100        0.315        0.274
     3.110        0.315        0.274
     3.120        0.315        0.274
     3.130        0.323        0.275
     3.140        0.306        0.264
     3.150        0.306        0.256
     3.160        0.323        0.252
     3.170        0.331        0.245
     3.180        0.315        0.223
     3.190        0.323        0.234
     3.200        0.331        0.245
     3.210        0.331        0.269
     3.220        0.331        0.277
     3.230        0.331        0.269
     3.240        0.315        0.274
     3.250        0.315        0.274
     3.260        0.315        0.266
     3.270        0.315        0.250
     3.280        0.315        0.250
     3.290        0.323        0.234
     3.300        0.323        0.225
     3.310        0.331        0.227
     3.320        0.347        0.230
     3.330        0.331        0.227
     3.340        0.331        0.218
     3.350        0.323        0.216
     3.360        0.331        0.227
     3.370        0.331        0.227
     3.380        0.331        0.227
     3.390        0.347        0.221
     3.400        0.331        0.187
     3.410        0.331        0.187
     3.420        0.306        0.211
     3.430        0.298        0.227
     3.440        0.282        0.239
     3.450        0.274        0.227
     3.460        0.266        0.232
     3.470        0.290        0.259
     3.480        0.298        0.262
     3.490        0.298        0.253
     3.500        0.306        0.248
     3.510        0.306        0.256
     3.520        0.298        0.245
     3.530        0.290        0.242
     3.540        0.298        0.245
     3.550        0.306        0.256
     3.560        0.298        0.253
     3.570        0.298        0.245
     3.580        0.306        0.256
     3.590        0.298        0.262
     3.600        0.306        0.239
     3.610        0.298        0.236
     3.620        0.306        0.230
     3.630        0.306        0.230
     3.640        0.306        0.211
     3.650        0.298        0.236
     3.660        0.306        0.248
     3.670        0.298        0.253
     3.680        0.306        0.256
     3.690        0.298        0.253
     3.700        0.298        0.253
     3.710        0.298        0.253
     3.720        0.290        0.234
     3.730        0.306        0.230
     3.740        0.323        0.252
     3.750        0.323        0.243
     3.760        0.331        0.245
     3.770        0.331        0.245
     3.780        0.331        0.236
     3.790        0.323        0.243
     3.800        0.315        0.250
     3.810        0.315        0.250
     3.820        0.306        0.239
     3.830        0.306        0.239
     3.840        0.315        0.232
     3.850        0.315        0.232
     3.860        0.306        0.239
     3.870        0.298        0.245
     3.880        0.298        0.245
     3.890        0.298        0.253
     3.900        0.306        0.248
     3.910        0.298        0.245
     3.920        0.290        0.251
     3.930        0.290        0.251
     3.940        0.298        0.253
     3.950        0.290        0.251
     3.960        0.290        0.251
     3.970        0.315        0.241
     3.980        0.290        0.242
     3.990        0.298        0.253
     4.000        0.290        0.251
     4.010        0.298        0.245
     4.020        0.290        0.234
     4.030        0.290        0.225
     4.040        0.282        0.221
     4.050        0.274        0.218
     4.060        0.282        0.212
     4.070        0.274        0.218
     4.080        0.258        0.219
     4.090        0.266        0.213
     4.100        0.290        0.225
     4.110        0.274        0.218
     4.120        0.266        0.213
     4.130        0.274        0.218
     4.140        0.274        0.218
     4.150        0.274        0.218
     4.160        0.282        0.239
     4.170        0.274        0.218
     4.180        0.282        0.212
     4.190        0.266        0.213
     4.200        0.242        0.199
     4.210        0.242        0.199
     4.220        0.242        0.199
     4.230        0.242        0.199
     4.240        0.250        0.204
     4.250        0.250        0.204
     4.260        0.250        0.194
     4.270        0.250        0.204
     4.280        0.250        0.194
     4.290        0.250        0.194
     4.300        0.266        0.193
     4.310        0.266        0.193
     4.320        0.274        0.197
     4.330        0.282        0.201
     4.340        0.266        0.213
     4.350        0.266        0.223
     4.360        0.258        0.219
     4.370        0.258        0.219
     4.380        0.258        0.219
     4.390        0.266        0.213
     4.400        0.274        0.218
     4.410        0.274        0.218
     4.420        0.274        0.218
     4.430        0.274        0.218
     4.440        0.274        0.227
     4.450        0.266        0.232
     4.460        0.274        0.227
     4.470        0.298        0.227
     4.480        0.306        0.230
     4.490        0.306        0.230
     4.500        0.306        0.230
     4.510        0.282        0.221
     4.520        0.266        0.223
     4.530        0.258        0.228
     4.540        0.274        0.218
     4.550        0.274        0.197
     4.560        0.266        0.203
     4.570        0.266        0.203
     4.580        0.274        0.197
     4.590        0.274        0.197
     4.600        0.266        0.203
     4.610        0.282        0.212
     4.620        0.290        0.205
     4.630        0.290        0.205
     4.640        0.290        0.205
     4.650        0.290        0.215
     4.660        0.290        0.215
     4.670        0.282        0.221
     4.680        0.274        0.218
     4.690        0.274        0.218
     4.700        0.282        0.221
     4.710        0.274        0.227
     4.720        0.274        0.227
     4.730        0.282        0.239
     4.740        0.282        0.248
     4.750        0.282        0.248
     4.760        0.266        0.232
     4.770        0.258        0.228
     4.780        0.242        0.209
     4.790        0.234        0.203
     4.800        0.242        0.209
     4.810        0.234        0.203
     4.820        0.242        0.199
     4.830        0.242        0.199
     4.840        0.226        0.197
     4.850        0.234        0.193
     4.860        0.234        0.193
     4.870        0.234        0.193
     4.880        0.226        0.187
     4.890        0.234        0.193
     4.900        0.234        0.213
     4.910        0.242        0.219
     4.920        0.250        0.224
     4.930        0.250        0.204
     4.940        0.242        0.199
     4.950        0.242        0.188
     4.960        0.250        0.194
     4.970        0.250        0.194
     4.980        0.266        0.203
     4.990        0.266        0.203
     5.000        0.266        0.203
     5.010        0.258        0.188
     5.020        0.274        0.197
     5.030        0.266        0.170
     5.040        0.266        0.170
     5.050        0.258        0.177
     5.060        0.258        0.177
     5.070        0.274        0.187
     5.080        0.274        0.187
     5.090        0.274        0.187
     5.100        0.282        0.180
     5.110        0.290        0.172
     5.120        0.282        0.168
     5.130        0.290        0.172
     5.140        0.298        0.176
     5.150        0.306        0.167
     5.160        0.306        0.167
     5.170        0.306        0.167
     5.180        0.298        0.176
     5.190        0.282        0.180
     5.200        0.282        0.180
     5.210        0.290        0.172
     5.220        0.290        0.172
     5.230        0.290        0.172
     5.240        0.298        0.164
     5.250        0.298        0.164
     5.260        0.290        0.159
     5.270        0.290        0.159
     5.280        0.290        0.159
     5.290        0.290        0.159
     5.300        0.290        0.159
     5.310        0.282        0.168
     5.320        0.290        0.172
     5.330        0.282        0.168
     5.340        0.290        0.172
     5.350        0.282        0.180
     5.360        0.266        0.170
     5.370        0.250        0.171
     5.380        0.242        0.164
     5.390        0.242        0.164
     5.400        0.250        0.158
     5.410        0.266        0.157
     5.420        0.266        0.157
     5.430        0.266        0.157
     5.440        0.274        0.163
     5.450        0.282        0.180
     5.460        0.274        0.175
     5.470        0.282        0.168
     5.480        0.290        0.184
     5.490        0.282        0.180
     5.500        0.266        0.170
     5.510        0.274        0.175
     5.520        0.266        0.170
     5.530        0.266        0.170
     5.540        0.258        0.164
     5.550        0.250        0.158
     5.560        0.258        0.177
     5.570        0.258        0.177
     5.580        0.258        0.177
     5.590        0.266        0.170
     5.600        0.274        0.187
     5.610        0.250        0.204
     5.620        0.250        0.204
     5.630        0.250        0.194
     5.640        0.250        0.204
     5.650        0.250        0.204
     5.660        0.250        0.204
     5.670        0.250        0.204
     5.680        0.242        0.199
     5.690        0.258        0.188
     5.700        0.258        0.188
     5.710        0.258        0.188
     5.720        0.258        0.188
     5.730        0.282        0.180
     5.740        0.274        0.187
     5.750        0.258        0.177
     5.760        0.266        0.170
     5.770        0.258        0.164
     5.780        0.258        0.151
     5.790        0.266        0.157
     5.800        0.266        0.157
     5.810        0.258        0.164
     5.820        0.250        0.158
     5.830        0.250        0.158
     5.840        0.234        0.170
     5.850        0.242        0.177
     5.860        0.242        0.177
     5.870        0.242        0.177
     5.880        0.234        0.182
     5.890        0.218        0.191
     5.900        0.226        0.187
     5.910        0.226        0.187
     5.920        0.218        0.191
     5.930        0.210        0.195
     5.940        0.210        0.195
     5.950        0.210        0.195
     5.960        0.210        0.195
     5.970        0.210        0.195
     5.980        0.226        0.187
     5.990        0.226        0.187
     6.000        0.226        0.187
     6.010        0.226        0.187
     6.020        0.218        0.180
     6.030        0.210        0.172
     6.040        0.202        0.176
     6.050        0.194        0.179
     6.060        0.194        0.179
     6.070        0.202        0.198
     6.080        0.202        0.198
     6.090        0.194        0.179
     6.100        0.185        0.182
     6.110        0.185        0.170
     6.120        0.194        0.179
     6.130        0.194        0.191
     6.140        0.185        0.193
     6.150        0.185        0.193
     6.160        0.194        0.191
     6.170        0.194        0.191
     6.180        0.202        0.187
     6.190        0.218        0.201
     6.200        0.226        0.208
     6.210        0.226        0.208
     6.220        0.218        0.201
     6.230        0.210        0.195
     6.240        0.202        0.198
     6.250        0.202        0.198
     6.260        0.218        0.212
     6.270        0.218        0.191
     6.280        0.218        0.191
     6.290        0.226        0.197
     6.300        0.234        0.203
     6.310        0.234        0.203
     6.320        0.234        0.203
     6.330        0.218        0.201
     6.340        0.218        0.180
     6.350        0.202        0.176
     6.360        0.202        0.176
     6.370        0.202        0.176
     6.380        0.202        0.176
     6.390        0.202        0.176
     6.400        0.210        0.159
     6.410        0.210        0.159
     6.420        0.210        0.172
     6.430        0.210        0.195
     6.440        0.202        0.198
     6.450        0.185        0.170
     6.460        0.177        0.161
     6.470        0.194        0.179
     6.480        0.202        0.176
     6.490        0.194        0.167
     6.500        0.194        0.167
     6.510        0.202        0.176
     6.520        0.194        0.179
     6.530        0.194        0.179
     6.540        0.202        0.176
     6.550        0.210        0.184
     6.560        0.218        0.180
     6.570        0.218        0.180
     6.580        0.218        0.201
     6.590        0.218        0.201
     6.600        0.202        0.187
     6.610        0.202        0.187
     6.620        0.185        0.182
     6.630        0.185        0.182
     6.640        0.185        0.170
     6.650        0.202        0.164
     6.660        0.210        0.184
     6.670        0.218        0.180
     6.680        0.218        0.180
     6.690        0.218        0.180
     6.700        0.218        0.180
     6.710        0.218        0.180
     6.720        0.210        0.184
     6.730        0.202        0.187
     6.740        0.210        0.205
     6.750        0.210        0.205
     6.760        0.210        0.205
     6.770        0.226        0.245
     6.780        0.234        0.241
     6.790        0.218        0.221
     6.800        0.218        0.221
     6.810        0.226        0.245
     6.820        0.210        0.205
     6.830        0.218        0.180
     6.840        0.218        0.180
     6.850        0.218        0.180
     6.860        0.202        0.176
     6.870        0.218        0.191
     6.880        0.218        0.191
     6.890        0.218        0.201
     6.900        0.226        0.197
     6.910        0.202        0.187
     6.920        0.202        0.198
     6.930        0.210        0.195
     6.940        0.202        0.198
     6.950        0.210        0.195
     6.960        0.202        0.198
     6.970        0.210        0.215
     6.980        0.226        0.208
     6.990        0.234        0.203
     7.000        0.226        0.208
     7.010        0.218        0.212
     7.020        0.210        0.195
     7.030        0.226        0.197
     7.040        0.218        0.201
     7.050        0.210        0.205
     7.060        0.218        0.201
     7.070        0.218        0.201
     7.080        0.210        0.195
     7.090        0.210        0.195
     7.100        0.210        0.184
     7.110        0.210        0.184
     7.120        0.202        0.187
     7.130        0.202        0.187
     7.140        0.194        0.179
     7.150        0.194        0.179
     7.160        0.218        0.180
     7.170        0.226        0.187
     7.180        0.226        0.208
     7.190        0.210        0.215
     7.200        0.194        0.211
     7.210        0.185        0.214
     7.220        0.185        0.214
     7.230        0.202        0.227
     7.240        0.210        0.234
     7.250        0.210        0.234
     7.260        0.202        0.218
     7.270        0.202        0.227
     7.280        0.185        0.223
     7.290        0.194        0.221
     7.300        0.210        0.215
     7.310        0.202        0.218
     7.320        0.202        0.218
     7.330        0.210        0.225
     7.340        0.226        0.245
     7.350        0.210        0.225
     7.360        0.202        0.208
     7.370        0.202        0.208
     7.380        0.194        0.211
     7.390        0.194        0.211
     7.400        0.202        0.208
     7.410        0.202        0.208
     7.420        0.202        0.208
     7.430        0.202        0.208
     7.440        0.210        0.205
     7.450        0.194        0.211
     7.460        0.185        0.204
     7.470        0.202        0.187
     7.480        0.210        0.195
     7.490        0.202        0.198
     7.500        0.210        0.205
     7.510        0.194        0.201
     7.520        0.185        0.204
     7.530        0.194        0.211
     7.540        0.194        0.211
     7.550        0.185        0.214
     7.560        0.185        0.214
     7.570        0.185        0.214
     7.580        0.185        0.214
     7.590        0.177        0.206
     7.600        0.177        0.206
     7.610        0.194        0.201
     7.620        0.210        0.205
     7.630        0.210        0.205
     7.640        0.218        0.201
     7.650        0.218        0.201
     7.660        0.210        0.195
     7.670        0.210        0.195
     7.680        0.202        0.187
     7.690        0.202        0.187
     7.700        0.202        0.187
     7.710        0.194        0.191
     7.720        0.194        0.191
     7.730        0.185        0.170
     7.740        0.185        0.170
     7.750        0.177        0.173
     7.760        0.153        0.179
     7.770        0.153        0.179
     7.780        0.153        0.167
     7.790        0.161        0.177
     7.800        0.177        0.196
     7.810        0.169        0.198
     7.820        0.177        0.196
     7.830        0.177        0.196
     7.840        0.177        0.196
     7.850        0.169        0.187
     7.860        0.185        0.193
     7.870        0.185        0.193
     7.880        0.177        0.173
     7.890        0.185        0.170
     7.900        0.185        0.170
     7.910        0.185        0.170
     7.920        0.185        0.170
     7.930        0.185        0.182
     7.940        0.194        0.201
     7.950        0.185        0.193
     7.960        0.194        0.201
     7.970        0.202        0.198
     7.980        0.202        0.198
     7.990        0.202        0.198
     8.000        0.202        0.198
     8.010        0.202        0.198
     8.020        0.194        0.191
     8.030        0.202        0.176
     8.040        0.185        0.170
     8.050        0.177        0.173
     8.060        0.177        0.173
     8.070        0.169        0.150
     8.080        0.177        0.147
     8.090        0.177        0.147
     8.100        0.202        0.187
     8.110        0.194        0.201
     8.120        0.194        0.211
     8.130        0.202        0.208
     8.140        0.194        0.211
     8.150        0.194        0.211
     8.160        0.185        0.193
     8.170        0.185        0.193
     8.180        0.194        0.191
     8.190        0.185        0.193
     8.200        0.202        0.208
     8.210        0.194        0.191
     8.220        0.194        0.191
     8.230        0.185        0.193
     8.240        0.194        0.201
     8.250        0.185        0.193
     8.260        0.202        0.218
     8.270        0.194        0.201
     8.280        0.194        0.201
     8.290        0.194        0.201
     8.300        0.194        0.201
     8.310        0.185        0.193
     8.320        0.194        0.211
     8.330        0.202        0.208
     8.340        0.210        0.215
     8.350        0.210        0.215
     8.360        0.218        0.221
     8.370        0.210        0.225
     8.380        0.210        0.234
     8.390        0.210        0.234
     8.400        0.210        0.215
     8.410        0.218        0.212
     8.420        0.218        0.212
     8.430        0.218        0.212
     8.440        0.226        0.208
     8.450        0.218        0.201
     8.460        0.210        0.184
     8.470        0.202        0.176
     8.480        0.202        0.187
     8.490        0.210        0.184
     8.500        0.194        0.179
     8.510        0.202        0.187
     8.520        0.194        0.179
     8.530        0.194        0.179
     8.540        0.185        0.182
     8.550        0.177        0.185
     8.560        0.169        0.187
     8.570        0.161        0.189
     8.580        0.161        0.189
     8.590        0.161        0.189
     8.600        0.169        0.198
     8.610        0.177        0.206
     8.620        0.177        0.206
     8.630        0.185        0.204
     8.640        0.185        0.204
     8.650        0.194        0.201
     8.660        0.177        0.185
     8.670        0.177        0.185
     8.680        0.177        0.185
     8.690        0.185        0.193
     8.700        0.202        0.198
     8.710        0.210        0.215
     8.720        0.202        0.218
     8.730        0.210        0.225
     8.740        0.218        0.239
     8.750        0.210        0.215
     8.760        0.210        0.215
     8.770        0.202        0.198
     8.780        0.185        0.182
     8.790        0.185        0.182
     8.800        0.185        0.182
     8.810        0.177        0.173
     8.820        0.161        0.165
     8.830        0.161        0.165
     8.840        0.161        0.165
     8.850        0.161        0.165
     8.860        0.161        0.165
     8.870        0.161        0.165
     8.880        0.161        0.177
     8.890        0.169        0.187
     8.900        0.169        0.187
     8.910        0.169        0.187
     8.920        0.169        0.175
     8.930        0.161        0.152
     8.940        0.169        0.150
     8.950        0.169        0.150
     8.960        0.161        0.138
     8.970        0.153        0.140
     8.980        0.153        0.140
     8.990        0.145        0.141
     9.000        0.145        0.141
     9.010        0.145        0.141
     9.020        0.137        0.142
     9.030        0.137        0.142
     9.040        0.121        0.127
     9.050        0.121        0.127
     9.060        0.121        0.127
     9.070        0.113        0.126
     9.080        0.097        0.124
     9.090        0.105        0.141
     9.100        0.097        0.140
     9.110        0.097        0.140
     9.120        0.105        0.155
     9.130        0.113        0.156
     9.140        0.113        0.156
     9.150        0.121        0.156
     9.160        0.129        0.169
     9.170        0.129        0.169
     9.180        0.137        0.169
     9.190        0.129        0.156
     9.200        0.129        0.156
     9.210        0.145        0.155
     9.220        0.137        0.156
     9.230        0.137        0.156
     9.240        0.137        0.156
     9.250        0.137        0.156
     9.260        0.137        0.156
     9.270        0.145        0.168
     9.280        0.145        0.168
     9.290        0.169        0.163
     9.300        0.194        0.167
     9.310        0.194        0.167
     9.320        0.202        0.176
     9.330        0.194        0.167
     9.340        0.194        0.167
     9.350        0.169        0.163
     9.360        0.153        0.167
     9.370        0.153        0.167
     9.380        0.153        0.167
     9.390        0.161        0.177
     9.400        0.153        0.167
     9.410        0.153        0.167
     9.420        0.153        0.167
     9.430        0.129        0.156
     9.440        0.137        0.169
     9.450        0.121        0.156
     9.460        0.113        0.156
     9.470        0.121        0.156
     9.480        0.121        0.156
     9.490        0.129        0.181
     9.500        0.137        0.181
     9.510        0.137        0.181
     9.520        0.137        0.181
     9.530        0.137        0.181
     9.540        0.137        0.181
     9.550        0.129        0.181
     9.560        0.129        0.156
     9.570        0.129        0.156
     9.580        0.137        0.156
     9.590        0.137        0.156
     9.600        0.121        0.156
     9.610        0.121        0.156
     9.620        0.113        0.156
     9.630        0.113        0.156
     9.640        0.113        0.156
     9.650        0.113        0.156
     9.660        0.121        0.156
     9.670        0.129        0.156
     9.680        0.137        0.169
     9.690        0.137        0.169
     9.700        0.137        0.169
     9.710        0.137        0.169
     9.720        0.145        0.168
     9.730        0.145        0.168
     9.740        0.153        0.167
     9.750        0.153        0.167
     9.760        0.153        0.167
     9.770        0.161        0.165
     9.780        0.169        0.187
     9.790        0.161        0.177
     9.800        0.137        0.142
     9.810        0.137        0.142
     9.820        0.137        0.156
     9.830        0.137        0.156
     9.840        0.129        0.142
     9.850        0.129        0.142
     9.860        0.121        0.127
     9.870        0.145        0.141
     9.880        0.145        0.141
     9.890        0.129        0.127
     9.900        0.137        0.142
     9.910        0.129        0.142
     9.920        0.121        0.127
     9.930        0.129        0.127
     9.940        0.137        0.142
     9.950        0.137        0.142
     9.960        0.137        0.142
     9.970        0.129        0.156
     9.980        0.137        0.156
     9.990        0.145        0.155
    10.000        0.145        0.155
    10.010        0.137        0.156
    10.020        0.121        0.142
    10.030        0.113        0.126
    10.040        0.121        0.127
    10.050        0.137        0.142
    10.060        0.137        0.142
    10.070        0.129        0.127
    10.080        0.137        0.126
    10.090        0.137        0.126
    10.100        0.121        0.127
    10.110        0.121        0.127
    10.120        0.121        0.127
    10.130        0.121        0.127
    10.140        0.129        0.127
    10.150        0.129        0.127
    10.160        0.121        0.127
    10.170        0.137        0.126
    10.180        0.129        0.127
    10.190        0.129        0.127
    10.200        0.121        0.127
    10.210        0.129        0.127
    10.220        0.129        0.127
    10.230        0.129        0.142
    10.240        0.145        0.141
    10.250        0.145        0.141
    10.260        0.153        0.154
    10.270        0.137        0.142
    10.280        0.137        0.142
    10.290        0.137        0.142
    10.300        0.129        0.142
    10.310        0.129        0.142
    10.320        0.137        0.156
    10.330        0.153        0.154
    10.340        0.153        0.154
    10.350        0.137        0.156
    10.360        0.137        0.156
    10.370        0.137        0.156
    10.380        0.129        0.156
    10.390        0.129        0.156
    10.400        0.121        0.156
    10.410        0.121        0.156
    10.420        0.121        0.156
    10.430        0.121        0.156
    10.440        0.129        0.156
    10.450        0.129        0.156
    10.460        0.129        0.156
    10.470        0.129        0.142
    10.480        0.137        0.142
    10.490        0.145        0.141
    10.500        0.145        0.141
    10.510        0.137        0.156
    10.520        0.129        0.169
    10.530        0.121        0.169
    10.540        0.121        0.169
    10.550        0.145        0.168
    10.560        0.145        0.168
    10.570        0.145        0.168
    10.580        0.153        0.167
    10.590        0.153        0.167
    10.600        0.153        0.167
    10.610        0.145        0.168
    10.620        0.137        0.156
    10.630        0.137        0.156
    10.640        0.145        0.168
    10.650        0.137        0.169
    10.660        0.129        0.169
    10.670        0.121        0.169
    10.680        0.121        0.169
    10.690        0.121        0.169
    10.700        0.129        0.169
    10.710        0.137        0.169
    10.720        0.121        0.169
    10.730        0.105        0.155
    10.740        0.105        0.155
    10.750        0.113        0.156
    10.760        0.121        0.156
    10.770        0.121        0.156
    10.780        0.129        0.169
    10.790        0.129        0.169
    10.800        0.129        0.156
    10.810        0.129        0.156
    10.820        0.137        0.169
    10.830        0.129        0.169
    10.840        0.129        0.169
    10.850        0.129        0.169
    10.860        0.145        0.168
    10.870        0.145        0.168
    10.880        0.153        0.179
    10.890        0.153        0.167
    10.900        0.145        0.155
    10.910        0.145        0.155
    10.920        0.145        0.155
    10.930        0.137        0.156
    10.940        0.145        0.168
    10.950        0.145        0.168
    10.960        0.145        0.168
    10.970        0.137        0.169
    10.980        0.137        0.169
    10.990        0.137        0.169
    11.000        0.137        0.169
    11.010        0.137        0.169
    11.020        0.137        0.169
    11.030        0.137        0.156
    11.040        0.137        0.156
    11.050        0.129        0.156
    11.060        0.129        0.156
    11.070        0.129        0.156
    11.080        0.137        0.156
    11.090        0.137        0.156
    11.100        0.153        0.167
    11.110        0.137        0.169
    11.120        0.137        0.169
    11.130        0.137        0.169
    11.140        0.145        0.180
    11.150        0.145        0.180
    11.160        0.137        0.169
    11.170        0.137        0.169
    11.180        0.129        0.169
    11.190        0.129        0.169
    11.200        0.145        0.168
    11.210        0.145        0.168
    11.220        0.137        0.156
    11.230        0.137        0.156
    11.240        0.145        0.155
    11.250        0.137        0.142
    11.260        0.145        0.155
    11.270        0.145        0.155
    11.280        0.145        0.155
    11.290        0.145        0.155
    11.300        0.145        0.155
    11.310        0.137        0.156
    11.320        0.129        0.142
    11.330        0.129        0.142
    11.340        0.137        0.156
    11.350        0.129        0.156
    11.360        0.129        0.156
    11.370        0.121        0.156
    11.380        0.121        0.156
    11.390        0.113        0.156
    11.400        0.113        0.142
    11.410        0.113        0.142
    11.420        0.121        0.156
    11.430        0.121        0.156
    11.440        0.121        0.156
    11.450        0.113        0.156
    11.460        0.121        0.169
    11.470        0.121        0.169
    11.480        0.121        0.169
    11.490        0.129        0.169
    11.500        0.129        0.169
    11.510        0.121        0.169
    11.520        0.113        0.169
    11.530        0.113        0.169
    11.540        0.121        0.169
    11.550        0.121        0.169
    11.560        0.129        0.169
    11.570        0.129        0.169
    11.580        0.129        0.169
    11.590        0.137        0.169
    11.600        0.113        0.156
    11.610        0.105        0.155
    11.620        0.105        0.155
    11.630        0.105        0.155
    11.640        0.105        0.155
    11.650        0.105        0.155
    11.660        0.105        0.155
    11.670        0.105        0.155
    11.680        0.105        0.155
    11.690        0.121        0.156
    11.700        0.129        0.156
    11.710        0.137        0.169
    11.720        0.137        0.169
    11.730        0.145        0.168
    11.740        0.145        0.168
    11.750        0.121        0.156
    11.760        0.129        0.169
    11.770        0.137        0.181
    11.780        0.121        0.169
    11.790        0.121        0.169
    11.800        0.121        0.169
    11.810        0.113        0.169
    11.820        0.121        0.169
    11.830        0.121        0.169
    11.840        0.105        0.168
    11.850        0.105        0.168
    11.860        0.105        0.168
    11.870        0.105        0.168
    11.880        0.113        0.181
    11.890        0.113        0.181
    11.900        0.113        0.181
    11.910        0.113        0.181
    11.920        0.113        0.181
    11.930        0.121        0.203
    11.940        0.121        0.203
    11.950        0.105        0.202
    11.960        0.097        0.179
    11.970        0.089        0.177
    11.980        0.089        0.177
    11.990        0.089        0.177
    12.000        0.097        0.179
    12.010        0.097        0.179
    12.020        0.089        0.177
    12.030        0.089        0.177
    12.040        0.089        0.165
    12.050        0.089        0.165
    12.060        0.097        0.167
    12.070        0.105        0.168
    12.080        0.105        0.168
    12.090        0.105        0.168
    12.100        0.097        0.167
    12.110        0.097        0.167
    12.120        0.097        0.167
    12.130        0.105        0.168
    12.140        0.105        0.168
    12.150        0.105        0.168
    12.160        0.097        0.154
    12.170        0.097        0.154
    12.180        0.097        0.154
    12.190        0.105        0.155
    12.200        0.105        0.155
    12.210        0.105        0.155
    12.220        0.105        0.155
    12.230        0.097        0.154
    12.240        0.097        0.154
    12.250        0.097        0.154
    12.260        0.097        0.154
    12.270        0.097        0.154
    12.280        0.097        0.154
    12.290        0.105        0.155
    12.300        0.121        0.156
    12.310        0.121        0.156
    12.320        0.121        0.156
    12.330        0.105        0.155
    12.340        0.121        0.156
    12.350        0.113        0.142
    12.360        0.113        0.156
    12.370        0.113        0.156
    12.380        0.105        0.155
    12.390        0.105        0.141
    12.400        0.105        0.141
    12.410        0.105        0.141
    12.420        0.113        0.142
    12.430        0.113        0.142
    12.440        0.113        0.142
    12.450        0.097        0.140
    12.460        0.097        0.140
    12.470        0.097        0.140
    12.480        0.105        0.155
    12.490        0.105        0.155
    12.500        0.097        0.154
    12.510        0.097        0.154
    12.520        0.097        0.154
    12.530        0.097        0.154
    12.540        0.089        0.152
    12.550        0.073        0.132
    12.560        0.073        0.132
    12.570        0.073        0.132
    12.580        0.081        0.135
    12.590        0.081        0.135
    12.600        0.081        0.135
    12.610        0.089        0.138
    12.620        0.081        0.135
    12.630        0.089        0.152
    12.640        0.097        0.167
    12.650        0.105        0.168
    12.660        0.113        0.169
    12.670        0.105        0.168
    12.680        0.097        0.154
    12.690        0.097        0.154
    12.700        0.097        0.154
    12.710        0.089        0.138
    12.720        0.089        0.138
    12.730        0.097        0.140
    12.740        0.089        0.138
    12.750        0.089        0.138
    12.760        0.089        0.138
    12.770        0.089        0.138
    12.780        0.097        0.140
    12.790        0.097        0.140
    12.800        0.097        0.140
    12.810        0.097        0.140
    12.820        0.089        0.138
    12.830        0.089        0.138
    12.840        0.081        0.135
    12.850        0.081        0.135
    12.860        0.089        0.152
    12.870        0.113        0.142
    12.880        0.113        0.142
    12.890        0.113        0.142
    12.900        0.113        0.142
    12.910        0.113        0.142
    12.920        0.105        0.141
    12.930        0.105        0.141
    12.940        0.105        0.141
    12.950        0.105        0.141
    12.960        0.113        0.142
    12.970        0.121        0.169
    12.980        0.121        0.169
    12.990        0.113        0.169
    13.000        0.105        0.168
    13.010        0.105        0.168
    13.020        0.097        0.167
    13.030        0.089        0.138
    13.040        0.081        0.135
    13.050        0.089        0.138
    13.060        0.097        0.140
    13.070        0.089        0.122
    13.080        0.089        0.122
    13.090        0.097        0.140
    13.100        0.105        0.141
    13.110        0.097        0.124
    13.120        0.097        0.124
    13.130        0.097        0.124
    13.140        0.089        0.122
    13.150        0.089        0.122
    13.160        0.081        0.119
    13.170        0.089        0.122
    13.180        0.105        0.125
    13.190        0.089        0.122
    13.200        0.081        0.119
    13.210        0.081        0.119
    13.220        0.081        0.119
    13.230        0.081        0.119
    13.240        0.089        0.122
    13.250        0.089        0.122
    13.260        0.073        0.115
    13.270        0.073        0.115
    13.280        0.081        0.119
    13.290        0.089        0.122
    13.300        0.097        0.140
    13.310        0.097        0.140
    13.320        0.105        0.141
    13.330        0.105        0.141
    13.340        0.105        0.141
    13.350        0.113        0.156
    13.360        0.113        0.156
    13.370        0.113        0.156
    13.380        0.105        0.155
    13.390        0.105        0.155
    13.400        0.097        0.154
    13.410        0.097        0.154
    13.420        0.097        0.154
    13.430        0.097        0.154
    13.440        0.097        0.154
    13.450        0.105        0.168
    13.460        0.105        0.168
    13.470        0.097        0.154
    13.480        0.089        0.152
    13.490        0.097        0.154
    13.500        0.097        0.154
    13.510        0.089        0.152
    13.520        0.097        0.154
    13.530        0.097        0.154
    13.540        0.097        0.154
    13.550        0.121        0.156
    13.560        0.121        0.156
    13.570        0.121        0.156
    13.580        0.113        0.156
    13.590        0.113        0.156
    13.600        0.113        0.156
    13.610        0.121        0.156
    13.620        0.105        0.155
    13.630        0.105        0.155
    13.640        0.113        0.169
    13.650        0.113        0.169
    13.660        0.113        0.169
    13.670        0.105        0.168
    13.680        0.105        0.168
    13.690        0.105        0.168
    13.700        0.113        0.169
    13.710        0.113        0.169
    13.720        0.105        0.168
    13.730        0.097        0.140
    13.740        0.097        0.140
    13.750        0.097        0.140
    13.760        0.097        0.154
    13.770        0.097        0.154
    13.780        0.105        0.155
    13.790        0.105        0.155
    13.800        0.105        0.155
    13.810        0.105        0.155
    13.820        0.113        0.169
    13.830        0.121        0.169
    13.840        0.113        0.156
    13.850        0.113        0.156
    13.860        0.121        0.169
    13.870        0.129        0.192
    13.880        0.145        0.191
    13.890        0.137        0.169
    13.900        0.137        0.156
    13.910        0.129        0.156
    13.920        0.129        0.156
    13.930        0.121        0.156
    13.940        0.129        0.156
    13.950        0.129        0.156
    13.960        0.129        0.156
    13.970        0.129        0.156
    13.980        0.129        0.156
    13.990        0.129        0.156
    14.000        0.129        0.156
    14.010        0.121        0.156
    14.020        0.113        0.156
    14.030        0.113        0.156
    14.040        0.113        0.156
    14.050        0.121        0.156
    14.060        0.121        0.156
    14.070        0.121        0.156
    14.080        0.113        0.156
    14.090        0.113        0.156
    14.100        0.113        0.156
    14.110        0.105        0.155
    14.120        0.105        0.155
    14.130        0.105        0.155
    14.140        0.105        0.155
    14.150        0.105        0.155
    14.160        0.097        0.154
    14.170        0.097        0.154
    14.180        0.097        0.154
    14.190        0.105        0.155
    14.200        0.113        0.156
    14.210        0.105        0.155
    14.220        0.105        0.155
    14.230        0.105        0.155
    14.240        0.105        0.155
    14.250        0.097        0.154
    14.260        0.097        0.154
    14.270        0.097        0.154
    14.280        0.097        0.154
    14.290        0.097        0.154
    14.300        0.097        0.154
    14.310        0.089        0.138
    14.320        0.081        0.135
    14.330        0.081        0.135
    14.340        0.089        0.138
    14.350        0.089        0.138
    14.360        0.089        0.138
    14.370        0.081        0.135
    14.380        0.073        0.132
    14.390        0.056        0.124
    14.400        0.065        0.129
    14.410        0.073        0.132
    14.420        0.065        0.111
    14.430        0.056        0.106
    14.440        0.056        0.106
    14.450        0.048        0.100
    14.460        0.056        0.106
    14.470        0.056        0.106
    14.480        0.048        0.100
    14.490        0.056        0.106
    14.500        0.056        0.106
    14.510        0.056        0.106
    14.520        0.056        0.106
    14.530        0.056        0.106
    14.540        0.065        0.111
    14.550        0.065        0.111
    14.560        0.073        0.115
    14.570        0.073        0.115
    14.580        0.073        0.115
    14.590        0.081        0.119
    14.600        0.073        0.115
    14.610        0.073        0.115
    14.620        0.073        0.115
    14.630        0.073        0.115
    14.640        0.073        0.115
    14.650        0.073        0.115
    14.660        0.065        0.111
    14.670        0.065        0.111
    14.680        0.065        0.111
    14.690        0.065        0.111
    14.700        0.073        0.115
    14.710        0.073        0.115
    14.720        0.073        0.115
    14.730        0.073        0.115
    14.740        0.073        0.115
    14.750        0.065        0.111
    14.760        0.073        0.115
    14.770        0.081        0.119
    14.780        0.081        0.119
    14.790        0.081        0.119
    14.800        0.081        0.119
    14.810        0.081        0.119
    14.820        0.089        0.122
    14.830        0.089        0.122
    14.840        0.089        0.122
    14.850        0.089        0.122
    14.860        0.089        0.122
    14.870        0.089        0.122
    14.880        0.097        0.124
    14.890        0.097        0.124
    14.900        0.097        0.124
    14.910        0.097        0.124
    14.920        0.097        0.124
    14.930        0.105        0.141
    14.940        0.105        0.141
    14.950        0.089        0.138
    14.960        0.081        0.119
    14.970        0.081        0.119
    14.980        0.081        0.119
    14.990        0.081        0.119
    15.000        0.089        0.122
