#  Average OCF and STD (dimensionless) for the "reactive" species
#  Time (ps)      OCF          STD
     0.000        1.000        0.000
     0.010        0.825        0.211
     0.020        0.587        0.293
     0.030        0.380        0.326
     0.040        0.232        0.328
     0.050        0.203        0.348
     0.060        0.191        0.282
     0.070        0.189        0.315
     0.080        0.240        0.349
     0.090        0.226        0.358
     0.100        0.216        0.371
     0.110        0.197        0.352
     0.120        0.231        0.315
     0.130        0.196        0.313
     0.140        0.141        0.274
     0.150        0.197        0.319
     0.160        0.203        0.262
     0.170        0.239        0.270
     0.180        0.204        0.227
     0.190        0.227        0.318
     0.200        0.222        0.285
     0.210        0.258        0.277
     0.220        0.220        0.297
     0.230        0.170        0.334
     0.240        0.166        0.279
     0.250        0.172        0.272
     0.260        0.136        0.246
     0.270        0.162        0.270
     0.280        0.167        0.312
     0.290        0.196        0.304
     0.300        0.194        0.351
     0.310        0.181        0.355
     0.320        0.164        0.326
     0.330        0.149        0.277
     0.340        0.115        0.288
     0.350        0.126        0.291
     0.360        0.080        0.271
     0.370        0.128        0.294
     0.380        0.129        0.276
     0.390        0.110        0.305
     0.400        0.151        0.330
     0.410        0.111        0.321
     0.420        0.131        0.316
     0.430        0.158        0.285
     0.440        0.208        0.269
     0.450        0.214        0.289
     0.460        0.166        0.271
     0.470        0.153        0.295
     0.480        0.112        0.302
     0.490        0.170        0.290
     0.500        0.167        0.286
     0.510        0.192        0.305
     0.520        0.219        0.290
     0.530        0.171        0.311
     0.540        0.171        0.269
     0.550        0.101        0.289
     0.560        0.105        0.255
     0.570        0.075        0.218
     0.580        0.036        0.218
     0.590        0.095        0.242
     0.600        0.135        0.233
     0.610        0.129        0.286
     0.620        0.142        0.290
     0.630        0.110        0.304
     0.640        0.132        0.281
     0.650        0.108        0.314
     0.660        0.075        0.266
     0.670        0.075        0.276
     0.680        0.133        0.325
     0.690        0.104        0.302
     0.700        0.117        0.256
     0.710        0.143        0.236
     0.720        0.096        0.264
     0.730        0.061        0.255
     0.740        0.078        0.205
     0.750        0.087        0.226
     0.760        0.085        0.245
     0.770        0.106        0.273
     0.780        0.156        0.292
     0.790        0.120        0.276
     0.800        0.152        0.296
     0.810        0.104        0.305
     0.820        0.074        0.257
     0.830        0.096        0.239
     0.840        0.176        0.250
     0.850        0.137        0.253
     0.860        0.155        0.285
     0.870        0.175        0.290
     0.880        0.240        0.301
     0.890        0.205        0.280
     0.900        0.155        0.289
     0.910        0.128        0.262
     0.920        0.123        0.296
     0.930        0.122        0.310
     0.940        0.149        0.309
     0.950        0.161        0.331
     0.960        0.141        0.306
     0.970        0.111        0.282
     0.980        0.125        0.244
     0.990        0.093        0.254
     1.000        0.053        0.261
     1.010        0.062        0.264
     1.020        0.079        0.240
     1.030        0.076        0.270
     1.040        0.089        0.307
     1.050        0.077        0.293
     1.060        0.104        0.259
     1.070        0.100        0.263
     1.080        0.089        0.283
     1.090        0.123        0.280
     1.100        0.124        0.281
     1.110        0.117        0.300
     1.120        0.120        0.244
     1.130        0.058        0.218
     1.140        0.054        0.223
     1.150        0.116        0.245
     1.160        0.147        0.235
     1.170        0.112        0.271
     1.180        0.060        0.274
     1.190        0.056        0.261
     1.200        0.053        0.286
     1.210        0.039        0.290
     1.220        0.093        0.280
     1.230        0.115        0.304
     1.240        0.161        0.325
     1.250        0.139        0.302
     1.260        0.152        0.269
     1.270        0.092        0.257
     1.280        0.120        0.271
     1.290        0.094        0.296
     1.300        0.114        0.304
     1.310        0.112        0.290
     1.320        0.079        0.265
     1.330        0.094        0.251
     1.340        0.123        0.270
     1.350        0.069        0.243
     1.360        0.040        0.278
     1.370        0.103        0.271
     1.380        0.114        0.255
     1.390        0.149        0.287
     1.400        0.089        0.245
     1.410        0.118        0.264
     1.420        0.101        0.287
     1.430        0.087        0.244
     1.440        0.100        0.239
     1.450        0.105        0.296
     1.460        0.081        0.270
     1.470        0.016        0.231
     1.480        0.034        0.243
     1.490        0.003        0.243
     1.500        0.054        0.273
     1.510        0.058        0.282
     1.520        0.091        0.300
     1.530        0.046        0.275
     1.540        0.013        0.241
     1.550        0.041        0.272
     1.560        0.123        0.257
     1.570        0.140        0.233
     1.580        0.126        0.268
     1.590        0.093        0.268
     1.600        0.124        0.277
     1.610        0.149        0.285
     1.620        0.150        0.226
     1.630        0.139        0.234
     1.640        0.149        0.265
     1.650        0.092        0.266
     1.660        0.057        0.287
     1.670        0.053        0.279
     1.680        0.048        0.257
     1.690        0.041        0.236
     1.700        0.147        0.229
     1.710        0.160        0.270
     1.720        0.169        0.248
     1.730        0.093        0.260
     1.740        0.079        0.266
     1.750        0.039        0.251
     1.760        0.070        0.253
     1.770        0.030        0.231
     1.780        0.099        0.235
     1.790        0.133        0.205
     1.800        0.114        0.223
     1.810        0.130        0.252
     1.820        0.052        0.226
     1.830        0.034        0.259
     1.840        0.065        0.274
     1.850        0.091        0.256
     1.860        0.064        0.225
     1.870        0.101        0.207
     1.880        0.096        0.229
     1.890        0.073        0.246
     1.900        0.083        0.265
     1.910        0.065        0.279
     1.920        0.018        0.249
     1.930        0.018        0.232
     1.940        0.044        0.243
     1.950        0.042        0.239
     1.960        0.087        0.248
     1.970        0.111        0.282
     1.980        0.102        0.268
     1.990        0.138        0.233
     2.000        0.158        0.210
     2.010        0.140        0.263
     2.020        0.101        0.306
     2.030        0.104        0.270
     2.040        0.061        0.255
     2.050        0.083        0.255
     2.060        0.028        0.262
     2.070        0.077        0.274
     2.080        0.108        0.234
     2.090        0.123        0.228
     2.100        0.138        0.249
     2.110        0.128        0.278
     2.120        0.114        0.255
     2.130        0.107        0.247
     2.140        0.089        0.253
     2.150        0.102        0.257
     2.160        0.134        0.316
     2.170        0.152        0.319
     2.180        0.073        0.304
     2.190        0.096        0.244
     2.200        0.124        0.249
     2.210        0.167        0.256
     2.220        0.218        0.281
     2.230        0.203        0.280
     2.240        0.144        0.303
     2.250        0.064        0.269
     2.260        0.035        0.245
     2.270        0.034        0.262
     2.280        0.051        0.262
     2.290        0.096        0.287
     2.300        0.122        0.258
     2.310        0.085        0.264
     2.320        0.027        0.231
     2.330        0.030        0.232
     2.340        0.023        0.233
     2.350        0.035        0.250
     2.360        0.017        0.232
     2.370        0.015        0.222
     2.380        0.084        0.222
     2.390        0.059        0.225
     2.400        0.087        0.262
     2.410        0.063        0.223
     2.420        0.041        0.208
     2.430        0.031        0.234
     2.440        0.067        0.258
     2.450        0.060        0.261
     2.460        0.092        0.290
     2.470        0.058        0.308
     2.480        0.082        0.307
     2.490        0.092        0.281
     2.500        0.098        0.292
     2.510        0.087        0.260
     2.520        0.125        0.262
     2.530        0.092        0.258
     2.540        0.090        0.245
     2.550        0.026        0.239
     2.560        0.065        0.227
     2.570        0.038        0.230
     2.580        0.048        0.270
     2.590        0.059        0.307
     2.600        0.080        0.310
     2.610        0.068        0.322
     2.620        0.052        0.249
     2.630        0.034        0.214
     2.640        0.070        0.199
     2.650        0.030        0.205
     2.660        0.079        0.261
     2.670        0.113        0.274
     2.680        0.142        0.276
     2.690        0.160        0.300
     2.700        0.169        0.299
     2.710        0.146        0.241
     2.720        0.067        0.223
     2.730        0.024        0.251
     2.740        0.032        0.244
     2.750        0.054        0.249
     2.760        0.041        0.260
     2.770        0.068        0.246
     2.780        0.038        0.263
     2.790        0.002        0.247
     2.800        0.027        0.229
     2.810        0.041        0.219
     2.820        0.066        0.204
     2.830        0.050        0.227
     2.840        0.085        0.244
     2.850        0.093        0.246
     2.860        0.102        0.240
     2.870        0.096        0.237
     2.880        0.053        0.263
     2.890        0.020        0.242
     2.900        0.010        0.188
     2.910       -0.006        0.199
     2.920       -0.014        0.228
     2.930       -0.024        0.231
     2.940        0.013        0.205
     2.950        0.073        0.210
     2.960        0.085        0.237
     2.970        0.101        0.228
     2.980        0.062        0.229
     2.990        0.033        0.226
     3.000        0.023        0.221
     3.010        0.034        0.228
     3.020        0.054        0.232
     3.030        0.059        0.276
     3.040        0.041        0.280
     3.050        0.039        0.254
     3.060        0.065        0.250
     3.070        0.047        0.239
     3.080        0.010        0.221
     3.090       -0.004        0.222
     3.100       -0.007        0.231
     3.110       -0.042        0.260
     3.120        0.000        0.265
     3.130        0.021        0.251
     3.140        0.107        0.264
     3.150        0.108        0.251
     3.160        0.103        0.242
     3.170        0.069        0.264
     3.180        0.069        0.251
     3.190        0.030        0.247
     3.200        0.028        0.267
     3.210        0.030        0.247
     3.220        0.042        0.242
     3.230        0.046        0.235
     3.240        0.093        0.240
     3.250        0.063        0.247
     3.260        0.102        0.256
     3.270        0.057        0.249
     3.280        0.025        0.247
     3.290        0.049        0.264
     3.300        0.080        0.247
     3.310        0.095        0.253
     3.320        0.120        0.248
     3.330        0.081        0.234
     3.340        0.037        0.233
     3.350        0.072        0.252
     3.360        0.063        0.265
     3.370        0.083        0.256
     3.380        0.055        0.253
     3.390        0.093        0.232
     3.400        0.087        0.207
     3.410        0.067        0.218
     3.420        0.067        0.243
     3.430        0.096        0.253
     3.440        0.140        0.244
     3.450        0.125        0.228
     3.460        0.095        0.267
     3.470        0.096        0.265
     3.480        0.096        0.234
     3.490        0.080        0.235
     3.500        0.051        0.219
     3.510        0.057        0.226
     3.520        0.040        0.248
     3.530        0.040        0.228
     3.540        0.043        0.256
     3.550        0.064        0.241
     3.560        0.117        0.261
     3.570        0.097        0.221
     3.580        0.065        0.253
     3.590        0.090        0.233
     3.600        0.100        0.247
     3.610        0.105        0.254
     3.620        0.074        0.248
     3.630        0.063        0.283
     3.640        0.026        0.238
     3.650        0.049        0.198
     3.660        0.066        0.231
     3.670        0.049        0.230
     3.680        0.058        0.212
     3.690        0.024        0.225
     3.700        0.042        0.240
     3.710        0.061        0.246
     3.720        0.046        0.233
     3.730        0.078        0.243
     3.740        0.078        0.238
     3.750        0.085        0.231
     3.760        0.144        0.271
     3.770        0.097        0.241
     3.780        0.048        0.221
     3.790        0.057        0.239
     3.800        0.035        0.269
     3.810        0.020        0.264
     3.820        0.032        0.221
     3.830        0.004        0.214
     3.840        0.018        0.216
     3.850        0.042        0.223
     3.860        0.026        0.227
     3.870        0.047        0.228
     3.880        0.062        0.217
     3.890        0.026        0.234
     3.900        0.072        0.267
     3.910        0.062        0.245
     3.920        0.026        0.212
     3.930        0.064        0.272
     3.940        0.044        0.270
     3.950        0.093        0.256
     3.960        0.110        0.272
     3.970        0.114        0.254
     3.980        0.126        0.242
     3.990        0.114        0.256
     4.000        0.103        0.261
     4.010        0.063        0.256
     4.020        0.066        0.247
     4.030        0.059        0.238
     4.040        0.012        0.215
     4.050        0.021        0.244
     4.060       -0.015        0.255
     4.070        0.009        0.267
     4.080        0.028        0.250
     4.090       -0.010        0.227
     4.100        0.017        0.240
     4.110        0.023        0.245
     4.120        0.051        0.208
     4.130        0.072        0.230
     4.140        0.071        0.262
     4.150        0.065        0.231
     4.160        0.093        0.275
     4.170        0.115        0.259
     4.180        0.063        0.239
     4.190        0.104        0.232
     4.200        0.065        0.221
     4.210        0.097        0.219
     4.220        0.064        0.219
     4.230        0.044        0.223
     4.240       -0.027        0.234
     4.250        0.001        0.231
     4.260        0.039        0.257
     4.270        0.016        0.239
     4.280       -0.009        0.214
     4.290        0.047        0.210
     4.300        0.049        0.221
     4.310        0.054        0.235
     4.320        0.019        0.223
     4.330        0.029        0.250
     4.340        0.018        0.270
     4.350        0.024        0.254
     4.360        0.045        0.233
     4.370        0.040        0.248
     4.380        0.042        0.262
     4.390        0.031        0.228
     4.400        0.050        0.263
     4.410        0.063        0.229
     4.420        0.034        0.239
     4.430        0.056        0.262
     4.440        0.100        0.216
     4.450        0.111        0.229
     4.460        0.064        0.247
     4.470        0.070        0.270
     4.480        0.086        0.285
     4.490        0.002        0.250
     4.500        0.054        0.250
     4.510        0.023        0.249
     4.520        0.053        0.241
     4.530        0.033        0.260
     4.540        0.052        0.251
     4.550        0.040        0.234
     4.560        0.038        0.236
     4.570       -0.001        0.223
     4.580        0.028        0.246
     4.590        0.030        0.279
     4.600        0.030        0.250
     4.610        0.043        0.263
     4.620        0.042        0.220
     4.630        0.020        0.228
     4.640        0.033        0.240
     4.650       -0.001        0.232
     4.660       -0.025        0.227
     4.670       -0.023        0.212
     4.680       -0.005        0.206
     4.690        0.004        0.233
     4.700        0.029        0.237
     4.710        0.094        0.241
     4.720        0.060        0.233
     4.730        0.070        0.221
     4.740        0.043        0.233
     4.750        0.039        0.257
     4.760        0.057        0.285
     4.770        0.050        0.263
     4.780        0.074        0.258
     4.790        0.057        0.232
     4.800        0.099        0.244
     4.810        0.095        0.217
     4.820        0.073        0.246
     4.830        0.081        0.231
     4.840        0.058        0.179
     4.850        0.055        0.215
     4.860        0.078        0.233
     4.870        0.004        0.253
     4.880       -0.005        0.246
     4.890        0.011        0.230
     4.900        0.017        0.206
     4.910        0.026        0.201
     4.920        0.044        0.237
     4.930        0.020        0.224
     4.940        0.030        0.224
     4.950        0.037        0.205
     4.960        0.085        0.207
     4.970        0.071        0.207
     4.980        0.060        0.261
     4.990        0.013        0.254
     5.000        0.015        0.265
     5.010        0.055        0.237
     5.020        0.042        0.233
     5.030        0.062        0.215
     5.040        0.075        0.269
     5.050        0.082        0.291
     5.060        0.076        0.244
     5.070        0.069        0.250
     5.080        0.077        0.233
     5.090        0.054        0.248
     5.100        0.036        0.244
     5.110        0.025        0.263
     5.120        0.020        0.245
     5.130        0.049        0.254
     5.140        0.080        0.195
     5.150        0.029        0.188
     5.160        0.028        0.193
     5.170        0.020        0.222
     5.180        0.021        0.199
     5.190        0.066        0.238
     5.200        0.071        0.278
     5.210        0.055        0.269
     5.220        0.054        0.259
     5.230        0.046        0.260
     5.240        0.108        0.248
     5.250        0.055        0.243
     5.260        0.018        0.252
     5.270        0.042        0.268
     5.280        0.037        0.275
     5.290        0.029        0.278
     5.300        0.034        0.268
     5.310        0.018        0.283
     5.320        0.019        0.267
     5.330        0.049        0.277
     5.340        0.064        0.312
     5.350        0.038        0.259
     5.360        0.053        0.252
     5.370        0.056        0.253
     5.380        0.030        0.257
     5.390        0.039        0.243
     5.400       -0.002        0.231
     5.410        0.048        0.228
     5.420        0.023        0.231
     5.430        0.049        0.219
     5.440        0.068        0.236
     5.450        0.055        0.248
     5.460        0.037        0.224
     5.470       -0.021        0.213
     5.480        0.022        0.241
     5.490        0.017        0.231
     5.500        0.002        0.237
     5.510        0.004        0.241
     5.520        0.040        0.231
     5.530        0.028        0.235
     5.540        0.025        0.220
     5.550       -0.017        0.237
     5.560        0.016        0.249
     5.570       -0.015        0.243
     5.580        0.018        0.210
     5.590        0.031        0.228
     5.600       -0.010        0.195
     5.610       -0.024        0.219
     5.620        0.056        0.250
     5.630       -0.001        0.229
     5.640       -0.031        0.228
     5.650       -0.035        0.232
     5.660       -0.035        0.211
     5.670        0.009        0.213
     5.680        0.009        0.221
     5.690       -0.018        0.266
     5.700        0.030        0.264
     5.710        0.031        0.247
     5.720       -0.001        0.215
     5.730       -0.003        0.231
     5.740        0.025        0.219
     5.750        0.032        0.213
     5.760        0.080        0.216
     5.770        0.080        0.215
     5.780        0.049        0.230
     5.790        0.016        0.199
     5.800        0.003        0.232
     5.810       -0.036        0.206
     5.820        0.019        0.194
     5.830        0.028        0.207
     5.840        0.023        0.243
     5.850        0.026        0.232
     5.860        0.012        0.214
     5.870        0.019        0.211
     5.880        0.032        0.199
     5.890        0.078        0.165
     5.900        0.082        0.211
     5.910        0.074        0.226
     5.920        0.046        0.256
     5.930        0.056        0.207
     5.940        0.075        0.207
     5.950        0.086        0.231
     5.960        0.052        0.218
     5.970        0.056        0.215
     5.980        0.026        0.226
     5.990        0.018        0.222
     6.000       -0.009        0.202
     6.010        0.005        0.198
     6.020       -0.034        0.194
     6.030       -0.020        0.207
     6.040       -0.019        0.202
     6.050        0.046        0.190
     6.060       -0.014        0.224
     6.070       -0.001        0.222
     6.080       -0.006        0.212
     6.090        0.027        0.203
     6.100        0.031        0.227
     6.110        0.002        0.232
     6.120       -0.040        0.218
     6.130       -0.009        0.219
     6.140        0.045        0.216
     6.150        0.053        0.223
     6.160        0.047        0.221
     6.170        0.046        0.232
     6.180        0.040        0.233
     6.190        0.056        0.231
     6.200        0.047        0.213
     6.210        0.095        0.185
     6.220        0.067        0.204
     6.230        0.047        0.251
     6.240        0.042        0.233
     6.250       -0.000        0.239
     6.260        0.009        0.216
     6.270        0.016        0.174
     6.280        0.031        0.214
     6.290        0.078        0.203
     6.300        0.085        0.226
     6.310        0.120        0.261
     6.320        0.076        0.256
     6.330        0.050        0.263
     6.340        0.041        0.219
     6.350        0.020        0.224
     6.360        0.010        0.239
     6.370        0.016        0.226
     6.380        0.007        0.250
     6.390        0.022        0.253
     6.400        0.051        0.243
     6.410        0.063        0.223
     6.420        0.057        0.254
     6.430        0.048        0.219
     6.440        0.028        0.234
     6.450        0.071        0.197
     6.460        0.060        0.239
     6.470        0.069        0.228
     6.480        0.055        0.219
     6.490        0.023        0.223
     6.500        0.027        0.230
     6.510        0.061        0.228
     6.520        0.096        0.246
     6.530        0.118        0.232
     6.540        0.160        0.231
     6.550        0.092        0.233
     6.560        0.086        0.241
     6.570        0.088        0.208
     6.580        0.049        0.217
     6.590        0.041        0.240
     6.600        0.020        0.240
     6.610        0.055        0.222
     6.620        0.092        0.225
     6.630        0.091        0.215
     6.640        0.070        0.242
     6.650        0.056        0.225
     6.660        0.051        0.249
     6.670        0.055        0.227
     6.680        0.037        0.230
     6.690       -0.008        0.212
     6.700        0.019        0.206
     6.710        0.026        0.278
     6.720        0.048        0.212
     6.730        0.096        0.202
     6.740        0.092        0.211
     6.750        0.100        0.220
     6.760        0.039        0.217
     6.770        0.025        0.225
     6.780        0.022        0.204
     6.790       -0.003        0.201
     6.800        0.046        0.215
     6.810        0.034        0.225
     6.820        0.049        0.239
     6.830        0.049        0.273
     6.840        0.051        0.241
     6.850        0.049        0.232
     6.860        0.017        0.228
     6.870        0.006        0.217
     6.880        0.041        0.225
     6.890        0.037        0.250
     6.900        0.019        0.269
     6.910        0.005        0.256
     6.920        0.014        0.252
     6.930       -0.007        0.200
     6.940        0.018        0.192
     6.950        0.012        0.198
     6.960        0.009        0.241
     6.970        0.067        0.217
     6.980       -0.006        0.231
     6.990        0.015        0.242
     7.000        0.029        0.230
     7.010        0.042        0.249
     7.020        0.041        0.250
     7.030        0.046        0.247
     7.040        0.031        0.229
     7.050        0.035        0.240
     7.060        0.028        0.225
     7.070        0.053        0.240
     7.080        0.076        0.248
     7.090        0.017        0.244
     7.100        0.025        0.220
     7.110        0.034        0.227
     7.120        0.040        0.221
     7.130        0.033        0.208
     7.140        0.030        0.227
     7.150        0.054        0.227
     7.160        0.037        0.213
     7.170        0.038        0.225
     7.180        0.040        0.223
     7.190        0.057        0.235
     7.200        0.041        0.229
     7.210        0.036        0.242
     7.220        0.063        0.221
     7.230        0.047        0.207
     7.240        0.065        0.231
     7.250        0.017        0.221
     7.260        0.023        0.220
     7.270        0.004        0.211
     7.280        0.015        0.283
     7.290        0.052        0.256
     7.300        0.052        0.239
     7.310        0.073        0.237
     7.320        0.067        0.224
     7.330        0.056        0.236
     7.340        0.032        0.221
     7.350        0.031        0.221
     7.360        0.049        0.251
     7.370        0.078        0.229
     7.380        0.077        0.252
     7.390        0.094        0.243
     7.400        0.087        0.259
     7.410        0.084        0.240
     7.420        0.030        0.247
     7.430        0.068        0.244
     7.440        0.071        0.261
     7.450        0.029        0.250
     7.460        0.047        0.213
     7.470        0.070        0.246
     7.480        0.073        0.229
     7.490        0.080        0.234
     7.500        0.030        0.253
     7.510        0.003        0.186
     7.520        0.041        0.228
     7.530        0.064        0.209
     7.540        0.041        0.230
     7.550        0.028        0.222
     7.560        0.048        0.271
     7.570        0.039        0.287
     7.580        0.024        0.296
     7.590        0.044        0.249
     7.600        0.023        0.221
     7.610        0.029        0.219
     7.620        0.004        0.219
     7.630        0.031        0.255
     7.640       -0.007        0.233
     7.650        0.033        0.230
     7.660        0.030        0.206
     7.670        0.049        0.235
     7.680        0.042        0.240
     7.690        0.055        0.235
     7.700        0.072        0.234
     7.710        0.041        0.288
     7.720       -0.023        0.225
     7.730        0.005        0.245
     7.740        0.059        0.258
     7.750        0.032        0.231
     7.760        0.116        0.237
     7.770        0.065        0.237
     7.780        0.036        0.254
     7.790        0.006        0.244
     7.800        0.010        0.204
     7.810        0.004        0.193
     7.820        0.033        0.221
     7.830        0.052        0.226
     7.840        0.041        0.224
     7.850        0.024        0.232
     7.860        0.033        0.219
     7.870        0.008        0.214
     7.880        0.026        0.225
     7.890        0.013        0.227
     7.900        0.007        0.215
     7.910        0.036        0.268
     7.920        0.031        0.252
     7.930        0.050        0.234
     7.940        0.053        0.203
     7.950        0.042        0.212
     7.960        0.078        0.235
     7.970        0.033        0.252
     7.980        0.089        0.245
     7.990        0.046        0.258
     8.000        0.039        0.241
     8.010        0.060        0.205
     8.020        0.061        0.253
     8.030        0.015        0.217
     8.040       -0.015        0.257
     8.050        0.043        0.238
     8.060        0.024        0.227
     8.070        0.014        0.217
     8.080        0.017        0.241
     8.090        0.064        0.233
     8.100        0.058        0.239
     8.110        0.049        0.222
     8.120        0.018        0.192
     8.130        0.030        0.209
     8.140        0.021        0.182
     8.150        0.021        0.239
     8.160        0.019        0.213
     8.170        0.011        0.221
     8.180        0.045        0.239
     8.190        0.010        0.206
     8.200       -0.004        0.193
     8.210        0.003        0.237
     8.220       -0.017        0.233
     8.230       -0.009        0.217
     8.240       -0.011        0.217
     8.250        0.010        0.207
     8.260        0.002        0.204
     8.270        0.019        0.220
     8.280        0.055        0.229
     8.290        0.006        0.229
     8.300        0.010        0.241
     8.310        0.040        0.214
     8.320        0.015        0.225
     8.330       -0.000        0.234
     8.340        0.016        0.255
     8.350        0.029        0.250
     8.360        0.092        0.244
     8.370        0.054        0.206
     8.380        0.038        0.216
     8.390        0.071        0.222
     8.400        0.074        0.196
     8.410        0.033        0.228
     8.420       -0.005        0.236
     8.430        0.002        0.253
     8.440        0.027        0.187
     8.450        0.018        0.176
     8.460        0.029        0.220
     8.470       -0.002        0.264
     8.480        0.016        0.234
     8.490        0.017        0.225
     8.500        0.004        0.214
     8.510        0.028        0.236
     8.520        0.036        0.243
     8.530        0.060        0.239
     8.540        0.067        0.243
     8.550        0.051        0.225
     8.560        0.021        0.210
     8.570       -0.022        0.221
     8.580       -0.025        0.200
     8.590        0.020        0.183
     8.600        0.017        0.211
     8.610        0.020        0.240
     8.620        0.038        0.266
     8.630        0.062        0.264
     8.640        0.026        0.246
     8.650        0.052        0.240
     8.660        0.035        0.231
     8.670        0.024        0.229
     8.680        0.053        0.226
     8.690       -0.004        0.243
     8.700        0.060        0.273
     8.710        0.046        0.246
     8.720        0.011        0.261
     8.730        0.076        0.305
     8.740        0.055        0.288
     8.750        0.042        0.261
     8.760        0.003        0.245
     8.770        0.000        0.214
     8.780       -0.001        0.231
     8.790        0.012        0.248
     8.800        0.027        0.239
     8.810        0.043        0.219
     8.820        0.092        0.239
     8.830        0.089        0.274
     8.840        0.052        0.281
     8.850        0.056        0.250
     8.860       -0.021        0.271
     8.870       -0.026        0.289
     8.880       -0.010        0.216
     8.890       -0.019        0.203
     8.900       -0.002        0.209
     8.910        0.020        0.208
     8.920        0.055        0.241
     8.930        0.035        0.236
     8.940        0.073        0.236
     8.950        0.060        0.210
     8.960        0.035        0.219
     8.970        0.044        0.214
     8.980        0.019        0.240
     8.990        0.051        0.241
     9.000        0.013        0.229
     9.010        0.024        0.209
     9.020        0.037        0.238
     9.030        0.014        0.233
     9.040       -0.026        0.238
     9.050       -0.016        0.228
     9.060        0.031        0.235
     9.070        0.036        0.211
     9.080        0.002        0.235
     9.090        0.041        0.279
     9.100        0.044        0.288
     9.110        0.060        0.278
     9.120        0.019        0.263
     9.130        0.014        0.256
     9.140        0.021        0.239
     9.150        0.073        0.262
     9.160        0.099        0.278
     9.170        0.070        0.259
     9.180        0.037        0.254
     9.190        0.004        0.248
     9.200        0.016        0.243
     9.210       -0.001        0.217
     9.220       -0.022        0.224
     9.230        0.019        0.240
     9.240        0.026        0.253
     9.250        0.022        0.230
     9.260        0.032        0.207
     9.270        0.006        0.200
     9.280       -0.014        0.222
     9.290       -0.019        0.218
     9.300       -0.029        0.231
     9.310       -0.008        0.221
     9.320       -0.006        0.206
     9.330        0.022        0.205
     9.340        0.049        0.211
     9.350        0.024        0.199
     9.360        0.006        0.206
     9.370        0.013        0.254
     9.380       -0.029        0.222
     9.390       -0.005        0.246
     9.400        0.022        0.242
     9.410        0.027        0.227
     9.420       -0.039        0.217
     9.430       -0.021        0.234
     9.440        0.026        0.247
     9.450        0.015        0.237
     9.460        0.015        0.245
     9.470        0.013        0.238
     9.480        0.047        0.265
     9.490        0.038        0.269
     9.500        0.055        0.254
     9.510        0.021        0.220
     9.520        0.040        0.233
     9.530        0.047        0.238
     9.540       -0.024        0.229
     9.550       -0.083        0.191
     9.560       -0.027        0.224
     9.570       -0.037        0.211
     9.580       -0.041        0.233
     9.590       -0.014        0.217
     9.600        0.039        0.217
     9.610        0.043        0.208
     9.620        0.044        0.226
     9.630        0.051        0.208
     9.640        0.050        0.209
     9.650        0.038        0.223
     9.660        0.012        0.222
     9.670        0.032        0.174
     9.680        0.003        0.222
     9.690        0.050        0.214
     9.700        0.081        0.208
     9.710        0.071        0.200
     9.720        0.028        0.200
     9.730       -0.001        0.190
     9.740        0.027        0.226
     9.750        0.016        0.229
     9.760        0.018        0.174
     9.770       -0.008        0.210
     9.780        0.036        0.234
     9.790        0.016        0.235
     9.800        0.057        0.195
     9.810        0.056        0.182
     9.820        0.032        0.174
     9.830        0.010        0.229
     9.840        0.004        0.230
     9.850       -0.015        0.225
     9.860       -0.010        0.221
     9.870        0.019        0.245
     9.880        0.034        0.240
     9.890        0.041        0.205
     9.900        0.038        0.216
     9.910        0.005        0.204
     9.920        0.045        0.220
     9.930        0.030        0.246
     9.940        0.037        0.211
     9.950        0.021        0.201
     9.960        0.039        0.206
     9.970        0.092        0.224
     9.980        0.070        0.221
     9.990        0.040        0.221
    10.000        0.000        0.222
